3-2-2 facet check: mean vector on hyperplane vs hyperplane normal
classes checked: 46
examples checked: 138
all examples parallel: False

[class 1] all_reps_parallel=False
  rep1: vertices=27, parallel=False, cosine=-0.948488155953, orth_residual=3.437022011837e-01
    normal      = [-1.000000, -1.000000, -1.000000, -1.000000, 0, 0, 0, 1.000000, 1.000000, 0, -1.000000, 0, 1.000000, 0, 0, -1.000000, 0, 1.000000, 0, 1.000000, -2.000000, -3.000000, 2.000000, -2.000000, 1.000000, -1.000000]
    mean_vector = [0.037037, 0.111111, 0.111111, 0.037037, -0.037037, -0.037037, 0.037037, -0.185185, -0.185185, 0.037037, 0.185185, 0.037037, -0.037037, -0.037037, 0.111111, 0.111111, 0.037037, -0.111111, 0.037037, -0.185185, 0.407407, 0.629630, -0.407407, 0.407407, -0.185185, 0.185185]
    on_plane_indices = [0, 1, 5, 7, 8, 10, 14, 15, 18, 19, 20, 21, 28, 29, 32, 33, 38, 41, 43, 46, 47, 50, 51, 52, 54, 57, 59]
  rep2: vertices=27, parallel=False, cosine=-0.948488155953, orth_residual=3.437022011837e-01
    normal      = [-1.000000, -1.000000, -1.000000, -1.000000, 0, 0, 0, 1.000000, 1.000000, 0, -1.000000, 0, 1.000000, 0, 0, -1.000000, 0, 1.000000, 1.000000, 2.000000, -1.000000, -2.000000, 3.000000, -1.000000, 2.000000, 0]
    mean_vector = [0.037037, 0.111111, 0.111111, 0.037037, 0.037037, 0.037037, 0.037037, -0.185185, -0.185185, 0.037037, 0.111111, -0.037037, -0.111111, -0.111111, 0.037037, 0.037037, -0.037037, -0.185185, -0.185185, -0.407407, 0.185185, 0.407407, -0.629630, 0.185185, -0.407407, -0.037037]
    on_plane_indices = [1, 3, 5, 7, 8, 10, 12, 14, 18, 19, 20, 21, 28, 29, 32, 33, 38, 41, 43, 46, 47, 48, 50, 52, 54, 57, 59]
  rep3: vertices=27, parallel=False, cosine=-0.948488155953, orth_residual=3.437022011837e-01
    normal      = [-1.000000, -1.000000, -1.000000, -1.000000, 0, 0, 0, 1.000000, 1.000000, 0, -1.000000, 0, 1.000000, 0, 0, -1.000000, 0, 1.000000, 2.000000, 1.000000, -2.000000, -1.000000, 0, -2.000000, 1.000000, -3.000000]
    mean_vector = [0.111111, 0.037037, 0.037037, 0.111111, -0.037037, -0.037037, 0.037037, -0.185185, -0.185185, 0.037037, 0.111111, 0.111111, -0.111111, 0.037037, 0.037037, 0.185185, -0.037037, -0.037037, -0.407407, -0.185185, 0.407407, 0.185185, 0.037037, 0.407407, -0.185185, 0.629630]
    on_plane_indices = [0, 2, 5, 7, 8, 10, 13, 15, 18, 19, 20, 22, 25, 28, 29, 32, 33, 42, 43, 46, 47, 49, 51, 52, 54, 57, 59]

[class 2] all_reps_parallel=False
  rep1: vertices=29, parallel=False, cosine=-0.955064136811, orth_residual=3.103448275862e-01
    normal      = [-1.000000, 0, -1.000000, 0, -1.000000, 0, 0, -1.000000, -1.000000, -1.000000, 0, -1.000000, -1.000000, -1.000000, 1.000000, 0, 0, 0, -2.000000, 0, 1.000000, 2.000000, 2.000000, -1.000000, 0, 1.000000]
    mean_vector = [0.172414, 0.103448, 0.103448, -0.034483, 0.103448, 0.034483, 0.103448, 0.241379, 0.172414, 0.172414, 0.103448, 0.172414, 0.172414, 0.241379, -0.103448, -0.034483, 0.034483, 0.103448, 0.448276, 0.034483, -0.172414, -0.448276, -0.448276, 0.241379, 0.034483, -0.241379]
    on_plane_indices = [0, 1, 2, 3, 4, 5, 8, 10, 12, 16, 17, 21, 23, 24, 26, 30, 31, 34, 35, 36, 38, 41, 44, 45, 54, 55, 57, 61, 63]
  rep2: vertices=29, parallel=False, cosine=-0.955064136811, orth_residual=3.103448275862e-01
    normal      = [-1.000000, 0, -1.000000, 0, -1.000000, 0, 0, -1.000000, -1.000000, -1.000000, 0, -1.000000, -1.000000, -1.000000, 1.000000, 0, 0, 0, -2.000000, 2.000000, 1.000000, 0, 0, -1.000000, 2.000000, 1.000000]
    mean_vector = [0.172414, 0.103448, 0.103448, 0.034483, 0.103448, -0.034483, 0.103448, 0.172414, 0.172414, 0.241379, 0.103448, 0.241379, 0.172414, 0.172414, -0.103448, 0.034483, -0.034483, 0.103448, 0.448276, -0.448276, -0.172414, 0.034483, 0.034483, 0.241379, -0.448276, -0.241379]
    on_plane_indices = [0, 1, 2, 3, 4, 5, 8, 10, 12, 16, 18, 20, 21, 26, 27, 29, 31, 33, 35, 38, 39, 40, 41, 44, 54, 55, 57, 61, 63]
  rep3: vertices=29, parallel=False, cosine=-0.955064136811, orth_residual=3.103448275862e-01
    normal      = [-1.000000, 0, -1.000000, 0, -1.000000, 0, 0, -1.000000, -1.000000, -1.000000, 0, 1.000000, -1.000000, 1.000000, 1.000000, 0, 0, 0, -2.000000, 0, 1.000000, 2.000000, -2.000000, 1.000000, 0, -1.000000]
    mean_vector = [0.172414, 0.103448, 0.103448, -0.034483, 0.103448, -0.034483, 0.103448, 0.241379, 0.172414, 0.172414, 0.103448, -0.172414, 0.172414, -0.241379, -0.103448, 0.034483, 0.034483, -0.103448, 0.448276, 0.034483, -0.172414, -0.448276, 0.448276, -0.241379, -0.034483, 0.241379]
    on_plane_indices = [0, 1, 2, 3, 4, 5, 9, 11, 13, 16, 17, 20, 22, 25, 27, 30, 31, 34, 35, 37, 39, 40, 44, 45, 54, 55, 56, 60, 62]

[class 3] all_reps_parallel=False
  rep1: vertices=28, parallel=False, cosine=-0.941741911595, orth_residual=3.571428571429e-01
    normal      = [-1.000000, -1.000000, -1.000000, -1.000000, 0, 0, 0, 1.000000, 1.000000, 0, -2.000000, -1.000000, 2.000000, 1.000000, 0, 1.000000, 0, -1.000000, 0, 0, -2.000000, -2.000000, -2.000000, 1.000000, -1.000000, 2.000000]
    mean_vector = [0.071429, 0.071429, 0.071429, 0.071429, -0.071429, 0, 0, -0.142857, -0.142857, 0, 0.428571, 0.214286, -0.285714, -0.214286, 0.142857, -0.071429, 0, 0.071429, 0.071429, 0.071429, 0.357143, 0.357143, 0.428571, -0.142857, 0.142857, -0.428571]
    on_plane_indices = [0, 1, 4, 6, 9, 11, 14, 15, 16, 18, 20, 21, 24, 28, 29, 33, 35, 39, 42, 43, 46, 47, 50, 51, 53, 55, 56, 58]
  rep2: vertices=28, parallel=False, cosine=-0.941741911595, orth_residual=3.571428571429e-01
    normal      = [-1.000000, -1.000000, -1.000000, -1.000000, 0, 0, 0, 1.000000, 1.000000, 0, -2.000000, -1.000000, 2.000000, 1.000000, 0, 1.000000, 0, -1.000000, 2.000000, 2.000000, 0, 0, -2.000000, 1.000000, -1.000000, 2.000000]
    mean_vector = [0.071429, 0.071429, 0.071429, 0.071429, 0.071429, 0, 0, -0.142857, -0.142857, 0, 0.285714, 0.214286, -0.428571, -0.214286, 0, -0.071429, -0.142857, 0.071429, -0.357143, -0.357143, -0.071429, -0.071429, 0.428571, -0.142857, 0.142857, -0.428571]
    on_plane_indices = [2, 3, 4, 6, 9, 11, 12, 13, 16, 18, 20, 21, 24, 28, 29, 33, 35, 39, 42, 43, 46, 47, 48, 49, 53, 55, 56, 58]
  rep3: vertices=28, parallel=False, cosine=-0.941741911595, orth_residual=3.571428571429e-01
    normal      = [-1.000000, -1.000000, -1.000000, -1.000000, 0, 0, 0, 1.000000, 1.000000, 0, -2.000000, 1.000000, 2.000000, -1.000000, 0, -1.000000, 0, 1.000000, 0, 0, -2.000000, -2.000000, 2.000000, -1.000000, 1.000000, -2.000000]
    mean_vector = [0.071429, 0.071429, 0.071429, 0.071429, -0.071429, 0, 0, -0.142857, -0.142857, 0, 0.428571, -0.214286, -0.285714, 0.214286, 0.142857, 0.071429, 0, -0.071429, 0.071429, 0.071429, 0.357143, 0.357143, -0.428571, 0.142857, -0.142857, 0.428571]
    on_plane_indices = [0, 1, 5, 7, 8, 10, 14, 15, 17, 19, 20, 21, 25, 28, 29, 32, 34, 38, 42, 43, 46, 47, 50, 51, 52, 54, 57, 59]

[class 4] all_reps_parallel=False
  rep1: vertices=27, parallel=False, cosine=-0.939766240556, orth_residual=3.742713947101e-01
    normal      = [-1.000000, -1.000000, 0, 0, 0, 0, -1.000000, 0, 1.000000, 0, -1.000000, 0, 1.000000, 0, 1.000000, -1.000000, -1.000000, -1.000000, -2.000000, 1.000000, -1.000000, 2.000000, 3.000000, 1.000000, 0, 2.000000]
    mean_vector = [-0.037037, 0.037037, 0.037037, 0.037037, 0.037037, -0.111111, 0.185185, 0.037037, -0.185185, -0.037037, 0.185185, 0.037037, -0.185185, -0.037037, -0.037037, 0.111111, 0.111111, 0.111111, 0.407407, -0.185185, 0.185185, -0.407407, -0.629630, -0.185185, 0.037037, -0.407407]
    on_plane_indices = [1, 3, 4, 5, 10, 11, 12, 14, 16, 17, 21, 23, 24, 34, 38, 41, 43, 45, 47, 48, 50, 54, 55, 56, 57, 61, 63]
  rep2: vertices=27, parallel=False, cosine=-0.939766240556, orth_residual=3.742713947101e-01
    normal      = [-1.000000, -1.000000, 0, 0, 0, 0, -1.000000, 0, 1.000000, 0, -1.000000, 0, 1.000000, 0, 1.000000, -1.000000, -1.000000, -1.000000, -2.000000, 3.000000, -1.000000, 0, 1.000000, 1.000000, 2.000000, 2.000000]
    mean_vector = [-0.037037, 0.037037, 0.037037, -0.111111, 0.037037, 0.037037, 0.185185, 0.037037, -0.185185, -0.037037, 0.185185, 0.037037, -0.185185, -0.037037, -0.037037, 0.111111, 0.111111, 0.111111, 0.407407, -0.629630, 0.185185, 0.037037, -0.185185, -0.185185, -0.407407, -0.407407]
    on_plane_indices = [1, 3, 4, 5, 10, 11, 12, 14, 16, 18, 20, 21, 29, 38, 39, 40, 41, 46, 47, 48, 50, 54, 55, 56, 57, 61, 63]
  rep3: vertices=27, parallel=False, cosine=-0.939766240556, orth_residual=3.742713947101e-01
    normal      = [-1.000000, -1.000000, 0, 0, 0, 0, -1.000000, 0, 1.000000, 0, -1.000000, 0, 1.000000, 0, 1.000000, -1.000000, -1.000000, -1.000000, -1.000000, 0, -2.000000, 3.000000, 2.000000, 2.000000, 1.000000, 1.000000]
    mean_vector = [0.037037, -0.037037, -0.037037, 0.111111, -0.037037, -0.037037, 0.185185, 0.037037, -0.185185, -0.037037, 0.185185, 0.037037, -0.185185, -0.037037, -0.037037, 0.111111, 0.111111, 0.111111, 0.185185, 0.037037, 0.407407, -0.629630, -0.407407, -0.407407, -0.185185, -0.185185]
    on_plane_indices = [1, 3, 4, 5, 10, 11, 12, 14, 16, 17, 22, 23, 24, 25, 34, 42, 43, 45, 47, 48, 50, 54, 55, 56, 57, 61, 63]

[class 5] all_reps_parallel=False
  rep1: vertices=29, parallel=False, cosine=-0.929591169267, orth_residual=3.859345682326e-01
    normal      = [-1.000000, -1.000000, 0, 0, 0, 0, -2.000000, -1.000000, 2.000000, 1.000000, -1.000000, 0, 1.000000, 0, 1.000000, -1.000000, 1.000000, 1.000000, -2.000000, -1.000000, -1.000000, -2.000000, 2.000000, -2.000000, 1.000000, -1.000000]
    mean_vector = [-0.034483, 0.034483, 0.034483, -0.034483, 0.034483, -0.034483, 0.379310, 0.172414, -0.379310, -0.172414, 0.103448, 0.034483, -0.103448, -0.034483, 0.034483, 0.103448, -0.034483, -0.103448, 0.379310, 0.172414, 0.172414, 0.379310, -0.379310, 0.379310, -0.172414, 0.172414]
    on_plane_indices = [0, 1, 5, 7, 8, 10, 14, 15, 16, 17, 18, 19, 20, 21, 38, 41, 43, 44, 45, 46, 47, 50, 51, 52, 54, 57, 59, 60, 61]
  rep2: vertices=29, parallel=False, cosine=-0.929591169267, orth_residual=3.859345682326e-01
    normal      = [-1.000000, -1.000000, 0, 0, 0, 0, -2.000000, -1.000000, 2.000000, 1.000000, -1.000000, 0, 1.000000, 0, 1.000000, -1.000000, 1.000000, 1.000000, -1.000000, -2.000000, -2.000000, -1.000000, 1.000000, -1.000000, 2.000000, -2.000000]
    mean_vector = [0.034483, -0.034483, -0.034483, 0.034483, -0.034483, 0.034483, 0.379310, 0.172414, -0.379310, -0.172414, 0.103448, 0.034483, -0.103448, -0.034483, 0.034483, 0.103448, -0.034483, -0.103448, 0.172414, 0.379310, 0.379310, 0.172414, -0.172414, 0.172414, -0.379310, 0.379310]
    on_plane_indices = [0, 1, 5, 7, 8, 10, 14, 15, 16, 17, 18, 19, 20, 22, 25, 42, 43, 44, 45, 46, 47, 50, 51, 52, 54, 57, 59, 60, 61]
  rep3: vertices=29, parallel=False, cosine=-0.929591169267, orth_residual=3.859345682326e-01
    normal      = [-1.000000, -1.000000, 0, 0, 0, 0, -2.000000, -1.000000, 2.000000, 1.000000, -1.000000, 0, 1.000000, 0, 1.000000, 1.000000, 1.000000, -1.000000, -2.000000, -1.000000, -1.000000, -2.000000, -2.000000, 2.000000, -1.000000, 1.000000]
    mean_vector = [-0.034483, 0.034483, 0.034483, -0.034483, 0.034483, 0.034483, 0.379310, 0.172414, -0.379310, -0.172414, 0.103448, -0.034483, -0.103448, 0.034483, 0.034483, -0.103448, -0.034483, 0.103448, 0.379310, 0.172414, 0.172414, 0.379310, 0.379310, -0.379310, 0.172414, -0.172414]
    on_plane_indices = [0, 1, 4, 6, 9, 11, 14, 15, 16, 17, 18, 19, 20, 21, 39, 40, 42, 44, 45, 46, 47, 50, 51, 53, 55, 56, 58, 60, 61]

[class 6] all_reps_parallel=False
  rep1: vertices=27, parallel=False, cosine=-0.926092359770, orth_residual=4.074074074074e-01
    normal      = [-2.000000, 0, -2.000000, 0, 0, 0, 1.000000, -1.000000, -1.000000, 1.000000, -1.000000, -1.000000, -1.000000, 1.000000, -1.000000, -1.000000, 1.000000, -1.000000, 2.000000, -1.000000, 3.000000, -2.000000, 3.000000, 4.000000, 0, -1.000000]
    mean_vector = [0.037037, -0.037037, 0.111111, 0.037037, -0.037037, -0.037037, -0.111111, 0.111111, 0.111111, -0.111111, 0.037037, 0.037037, 0.111111, -0.185185, 0.111111, -0.037037, -0.111111, 0.037037, -0.259259, 0.111111, -0.481481, 0.333333, -0.407407, -0.629630, -0.037037, 0.185185]
    on_plane_indices = [1, 3, 6, 7, 8, 9, 12, 17, 19, 20, 26, 27, 28, 30, 32, 34, 37, 39, 45, 47, 48, 50, 52, 53, 58, 59, 63]
  rep2: vertices=27, parallel=False, cosine=-0.926092359770, orth_residual=4.074074074074e-01
    normal      = [-2.000000, 0, -2.000000, 0, 0, 0, 1.000000, -1.000000, -1.000000, 1.000000, -1.000000, -1.000000, -1.000000, 1.000000, -1.000000, -1.000000, 1.000000, -1.000000, 3.000000, 0, 4.000000, -1.000000, 2.000000, 3.000000, -1.000000, -2.000000]
    mean_vector = [0.111111, 0.037037, 0.037037, -0.037037, -0.037037, -0.037037, -0.111111, 0.111111, 0.111111, -0.111111, -0.037037, 0.111111, 0.037037, -0.111111, 0.037037, 0.037037, -0.185185, 0.111111, -0.407407, -0.037037, -0.629630, 0.185185, -0.259259, -0.481481, 0.111111, 0.333333]
    on_plane_indices = [2, 3, 6, 7, 8, 9, 12, 13, 17, 19, 20, 26, 27, 28, 30, 32, 34, 37, 39, 45, 47, 48, 52, 53, 58, 59, 63]
  rep3: vertices=27, parallel=False, cosine=-0.926092359770, orth_residual=4.074074074074e-01
    normal      = [-2.000000, 0, -2.000000, 0, 0, 0, 1.000000, -1.000000, -1.000000, 1.000000, -1.000000, -1.000000, 1.000000, -1.000000, -1.000000, -1.000000, -1.000000, 1.000000, 2.000000, 3.000000, -1.000000, -2.000000, 3.000000, 0, 4.000000, -1.000000]
    mean_vector = [0.111111, 0.037037, 0.037037, -0.037037, -0.037037, -0.037037, -0.111111, 0.111111, 0.111111, -0.111111, 0.111111, -0.037037, -0.111111, 0.037037, 0.037037, 0.037037, 0.111111, -0.185185, -0.259259, -0.481481, 0.111111, 0.333333, -0.407407, -0.037037, -0.629630, 0.185185]
    on_plane_indices = [1, 3, 5, 7, 8, 10, 12, 14, 18, 19, 20, 25, 27, 28, 29, 32, 33, 38, 39, 46, 47, 48, 52, 54, 57, 59, 63]

[class 7] all_reps_parallel=False
  rep1: vertices=30, parallel=False, cosine=-0.926310340792, orth_residual=3.858612300930e-01
    normal      = [-2.000000, 0, 0, 0, 0, 0, -1.000000, -1.000000, -1.000000, -1.000000, -1.000000, -1.000000, -1.000000, -1.000000, -1.000000, 1.000000, 1.000000, 1.000000, 3.000000, -2.000000, 0, 1.000000, -2.000000, -1.000000, 1.000000, 2.000000]
    mean_vector = [0.133333, 0.133333, 0, 0.066667, 0, 0.066667, 0.200000, 0.133333, 0.200000, 0.133333, 0.200000, 0.133333, 0.200000, 0.133333, 0.066667, 0, 0, -0.066667, -0.533333, 0.333333, 0, -0.200000, 0.333333, 0.133333, -0.200000, -0.400000]
    on_plane_indices = [0, 1, 2, 3, 4, 6, 8, 9, 12, 16, 18, 22, 23, 24, 25, 29, 31, 33, 35, 36, 37, 42, 43, 44, 46, 53, 58, 59, 62, 63]
  rep2: vertices=30, parallel=False, cosine=-0.926310340792, orth_residual=3.858612300930e-01
    normal      = [-2.000000, 0, 0, 0, 0, 0, -1.000000, -1.000000, -1.000000, -1.000000, -1.000000, -1.000000, -1.000000, -1.000000, 1.000000, -1.000000, 1.000000, 1.000000, -2.000000, -1.000000, 1.000000, 2.000000, 3.000000, -2.000000, 0, 1.000000]
    mean_vector = [0.133333, 0.133333, 0, 0.066667, 0.066667, 0, 0.200000, 0.133333, 0.200000, 0.133333, 0.133333, 0.200000, 0.133333, 0.200000, 0, 0.066667, -0.066667, 0, 0.333333, 0.133333, -0.200000, -0.400000, -0.533333, 0.333333, 0, -0.200000]
    on_plane_indices = [0, 1, 2, 3, 4, 5, 8, 10, 12, 16, 17, 21, 23, 24, 26, 30, 31, 34, 35, 36, 38, 41, 43, 44, 45, 54, 57, 59, 61, 63]
  rep3: vertices=30, parallel=False, cosine=-0.926310340792, orth_residual=3.858612300930e-01
    normal      = [-2.000000, 0, 0, 0, 0, 0, -1.000000, -1.000000, -1.000000, -1.000000, -1.000000, -1.000000, -1.000000, -1.000000, 1.000000, 1.000000, -1.000000, 1.000000, -2.000000, 3.000000, 1.000000, 0, -1.000000, -2.000000, 2.000000, 1.000000]
    mean_vector = [0.133333, 0.133333, 0.066667, 0, 0, 0.066667, 0.133333, 0.200000, 0.133333, 0.200000, 0.200000, 0.133333, 0.200000, 0.133333, 0, -0.066667, 0.066667, 0, 0.333333, -0.533333, -0.200000, 0, 0.133333, 0.333333, -0.400000, -0.200000]
    on_plane_indices = [0, 1, 2, 3, 4, 5, 8, 10, 12, 16, 18, 20, 21, 26, 27, 29, 31, 33, 35, 38, 39, 40, 41, 44, 46, 54, 55, 57, 62, 63]

[class 8] all_reps_parallel=False
  rep1: vertices=32, parallel=False, cosine=-0.933329444469, orth_residual=3.454412208998e-01
    normal      = [-2.000000, -1.000000, -1.000000, 0, -1.000000, 0, 1.000000, -1.000000, 0, -1.000000, 1.000000, -1.000000, 0, -1.000000, 0, -1.000000, -1.000000, -1.000000, -2.000000, 1.000000, 2.000000, 0, 1.000000, 2.000000, 0, 1.000000]
    mean_vector = [0.250000, 0.187500, 0.062500, 0.062500, 0.062500, 0.062500, -0.062500, 0.187500, 0, 0.250000, -0.062500, 0.187500, 0, 0.250000, 0.125000, 0.125000, 0.125000, 0.125000, 0.375000, -0.125000, -0.437500, 0.062500, -0.125000, -0.375000, 0.062500, -0.187500]
    on_plane_indices = [0, 1, 2, 3, 4, 6, 8, 9, 10, 11, 12, 14, 16, 17, 20, 21, 26, 27, 30, 31, 32, 34, 38, 39, 40, 41, 45, 48, 53, 55, 61, 63]
  rep2: vertices=32, parallel=False, cosine=-0.933329444469, orth_residual=3.454412208998e-01
    normal      = [-2.000000, -1.000000, -1.000000, 0, -1.000000, 0, 1.000000, -1.000000, 0, -1.000000, 1.000000, 1.000000, 0, 1.000000, 0, 1.000000, -1.000000, 1.000000, -2.000000, 1.000000, 2.000000, 0, -1.000000, -2.000000, 0, -1.000000]
    mean_vector = [0.250000, 0.187500, 0.062500, 0.062500, 0.062500, -0.062500, -0.062500, 0.187500, 0, 0.250000, -0.062500, -0.187500, 0, -0.250000, 0.125000, -0.125000, 0.125000, -0.125000, 0.375000, -0.125000, -0.437500, 0.062500, 0.125000, 0.375000, -0.062500, 0.187500]
    on_plane_indices = [0, 1, 2, 3, 5, 7, 8, 9, 10, 11, 13, 15, 16, 17, 20, 21, 26, 27, 30, 31, 33, 35, 38, 39, 40, 41, 44, 49, 52, 54, 60, 62]
  rep3: vertices=32, parallel=False, cosine=-0.933329444469, orth_residual=3.454412208998e-01
    normal      = [-2.000000, -1.000000, -1.000000, 0, -1.000000, 0, 1.000000, 1.000000, 0, 1.000000, 1.000000, -1.000000, 0, -1.000000, 0, -1.000000, 1.000000, 1.000000, -2.000000, -1.000000, 2.000000, 0, 1.000000, -2.000000, 0, -1.000000]
    mean_vector = [0.250000, 0.187500, 0.062500, -0.062500, 0.062500, 0.062500, -0.062500, -0.187500, 0, -0.250000, -0.062500, 0.187500, 0, 0.250000, 0.125000, 0.125000, -0.125000, -0.125000, 0.375000, 0.125000, -0.437500, -0.062500, -0.125000, 0.375000, 0.062500, 0.187500]
    on_plane_indices = [0, 2, 4, 5, 6, 7, 8, 10, 12, 13, 14, 15, 16, 17, 20, 21, 26, 27, 30, 31, 34, 35, 36, 38, 41, 44, 45, 49, 51, 52, 57, 59]

[class 9] all_reps_parallel=False
  rep1: vertices=26, parallel=False, cosine=-0.930949336251, orth_residual=4.050957468335e-01
    normal      = [-1.000000, -1.000000, -1.000000, -1.000000, 0, 0, -1.000000, 0, 0, 1.000000, -1.000000, 0, 1.000000, -2.000000, -1.000000, 0, 1.000000, -2.000000, 2.000000, 1.000000, 1.000000, -4.000000, 1.000000, 3.000000, 3.000000, 1.000000]
    mean_vector = [0, 0, 0, 0, -0.153846, 0, 0.230769, -0.076923, -0.076923, -0.076923, 0.076923, -0.076923, -0.076923, 0.230769, 0.076923, -0.076923, -0.076923, 0.230769, -0.307692, -0.153846, -0.153846, 0.615385, -0.153846, -0.461538, -0.461538, -0.153846]
    on_plane_indices = [1, 3, 6, 7, 8, 12, 14, 18, 19, 20, 21, 27, 29, 32, 39, 40, 42, 46, 47, 48, 50, 53, 58, 59, 61, 63]
  rep2: vertices=26, parallel=False, cosine=-0.930949336251, orth_residual=4.050957468335e-01
    normal      = [-1.000000, -1.000000, -1.000000, -1.000000, 0, 0, -1.000000, 0, 0, 1.000000, -1.000000, 0, 1.000000, 2.000000, -1.000000, 0, 1.000000, 2.000000, 2.000000, 1.000000, 1.000000, -4.000000, -1.000000, -3.000000, -3.000000, -1.000000]
    mean_vector = [0, 0, 0, 0, -0.153846, 0, 0.230769, -0.076923, -0.076923, -0.076923, 0.076923, 0.076923, -0.076923, -0.230769, 0.076923, 0.076923, -0.076923, -0.230769, -0.307692, -0.153846, -0.153846, 0.615385, 0.153846, 0.461538, 0.461538, 0.153846]
    on_plane_indices = [0, 2, 6, 7, 9, 13, 15, 18, 19, 20, 21, 26, 28, 33, 38, 41, 43, 46, 47, 49, 51, 52, 58, 59, 60, 62]
  rep3: vertices=26, parallel=False, cosine=-0.930949336251, orth_residual=4.050957468335e-01
    normal      = [-1.000000, -1.000000, -1.000000, -1.000000, 0, 0, -1.000000, 0, 0, 1.000000, 0, -1.000000, -2.000000, 1.000000, 0, -1.000000, -2.000000, 1.000000, 1.000000, 3.000000, 3.000000, 1.000000, 2.000000, 1.000000, 1.000000, -4.000000]
    mean_vector = [0, 0, 0, 0, 0, -0.153846, 0.230769, -0.076923, -0.076923, -0.076923, -0.076923, 0.076923, 0.230769, -0.076923, -0.076923, 0.076923, 0.230769, -0.076923, -0.153846, -0.461538, -0.461538, -0.153846, -0.307692, -0.153846, -0.153846, 0.615385]
    on_plane_indices = [2, 3, 5, 7, 8, 12, 13, 17, 19, 20, 22, 27, 30, 32, 39, 40, 41, 45, 47, 48, 49, 54, 57, 59, 62, 63]

[class 10] all_reps_parallel=False
  rep1: vertices=28, parallel=False, cosine=-0.931266147333, orth_residual=3.912303982180e-01
    normal      = [-2.000000, 0, 0, 0, 0, 0, -1.000000, -1.000000, -1.000000, -1.000000, -1.000000, -1.000000, -1.000000, -1.000000, -1.000000, 1.000000, 1.000000, 1.000000, 2.000000, -1.000000, -1.000000, 2.000000, -1.000000, -2.000000, 2.000000, 1.000000]
    mean_vector = [0.214286, 0.214286, 0, 0.071429, 0, 0.071429, 0.214286, 0.142857, 0.214286, 0.142857, 0.214286, 0.142857, 0.214286, 0.142857, 0.142857, -0.071429, -0.071429, 0, -0.357143, 0.142857, 0.214286, -0.428571, 0.142857, 0.357143, -0.428571, -0.214286]
    on_plane_indices = [0, 1, 2, 3, 4, 5, 8, 10, 12, 16, 18, 22, 23, 24, 25, 29, 31, 33, 35, 36, 37, 42, 43, 44, 46, 59, 62, 63]
  rep2: vertices=28, parallel=False, cosine=-0.931266147333, orth_residual=3.912303982180e-01
    normal      = [-2.000000, 0, 0, 0, 0, 0, -1.000000, -1.000000, -1.000000, -1.000000, -1.000000, -1.000000, -1.000000, -1.000000, 1.000000, -1.000000, 1.000000, 1.000000, -1.000000, -2.000000, 2.000000, 1.000000, 2.000000, -1.000000, -1.000000, 2.000000]
    mean_vector = [0.214286, 0.214286, 0, 0.071429, 0.071429, 0, 0.214286, 0.142857, 0.214286, 0.142857, 0.142857, 0.214286, 0.142857, 0.214286, -0.071429, 0.142857, 0, -0.071429, 0.142857, 0.357143, -0.428571, -0.214286, -0.357143, 0.142857, 0.214286, -0.428571]
    on_plane_indices = [0, 1, 2, 3, 4, 6, 8, 9, 12, 16, 17, 21, 23, 24, 26, 30, 31, 34, 35, 36, 38, 41, 43, 44, 45, 59, 61, 63]
  rep3: vertices=28, parallel=False, cosine=-0.931266147333, orth_residual=3.912303982180e-01
    normal      = [-2.000000, 0, 0, 0, 0, 0, -1.000000, -1.000000, -1.000000, -1.000000, -1.000000, -1.000000, -1.000000, -1.000000, 1.000000, 1.000000, -1.000000, 1.000000, -1.000000, 2.000000, 2.000000, -1.000000, -2.000000, -1.000000, 1.000000, 2.000000]
    mean_vector = [0.214286, 0.214286, 0.071429, 0, 0, 0.071429, 0.142857, 0.214286, 0.142857, 0.214286, 0.214286, 0.142857, 0.214286, 0.142857, -0.071429, 0, 0.142857, -0.071429, 0.142857, -0.357143, -0.428571, 0.214286, 0.357143, 0.142857, -0.214286, -0.428571]
    on_plane_indices = [0, 1, 2, 3, 4, 6, 8, 9, 12, 16, 18, 20, 21, 26, 27, 29, 31, 33, 35, 38, 39, 40, 41, 44, 46, 55, 62, 63]

[class 11] all_reps_parallel=False
  rep1: vertices=28, parallel=False, cosine=-0.868243142124, orth_residual=5.111012520000e-01
    normal      = [-3.000000, -1.000000, 0, 0, 0, 0, -2.000000, -1.000000, 2.000000, 1.000000, -2.000000, -1.000000, 2.000000, 1.000000, 2.000000, 2.000000, 2.000000, -2.000000, -2.000000, -2.000000, -2.000000, -2.000000, -2.000000, 3.000000, -2.000000, 1.000000]
    mean_vector = [0.142857, -0.142857, 0.071429, 0, 0.071429, 0, 0.214286, 0.142857, -0.214286, -0.142857, 0.214286, 0.142857, -0.214286, -0.142857, 0, -0.071429, -0.071429, 0.142857, 0.285714, 0.214286, 0.285714, 0.357143, 0.214286, -0.428571, 0.357143, -0.142857]
    on_plane_indices = [0, 1, 4, 6, 9, 11, 14, 15, 16, 17, 18, 19, 20, 21, 24, 28, 39, 42, 45, 47, 50, 51, 53, 55, 56, 58, 60, 61]
  rep2: vertices=28, parallel=False, cosine=-0.868243142124, orth_residual=5.111012520000e-01
    normal      = [-3.000000, -1.000000, 0, 0, 0, 0, -2.000000, -1.000000, 2.000000, 1.000000, -2.000000, 1.000000, 2.000000, -1.000000, 2.000000, -2.000000, 2.000000, 2.000000, -2.000000, -2.000000, -2.000000, -2.000000, 2.000000, -3.000000, 2.000000, -1.000000]
    mean_vector = [0.142857, -0.142857, 0.071429, 0, 0.071429, 0, 0.214286, 0.142857, -0.214286, -0.142857, 0.214286, -0.142857, -0.214286, 0.142857, 0, 0.071429, -0.071429, -0.142857, 0.285714, 0.214286, 0.285714, 0.357143, -0.214286, 0.428571, -0.357143, 0.142857]
    on_plane_indices = [0, 1, 5, 7, 8, 10, 14, 15, 16, 17, 18, 19, 20, 21, 25, 29, 38, 43, 44, 46, 50, 51, 52, 54, 57, 59, 60, 61]
  rep3: vertices=28, parallel=False, cosine=-0.868243142124, orth_residual=5.111012520000e-01
    normal      = [-3.000000, -1.000000, 0, 0, 0, 0, -2.000000, -1.000000, 2.000000, 1.000000, -1.000000, -2.000000, 1.000000, 2.000000, 2.000000, 2.000000, -2.000000, 2.000000, -2.000000, 3.000000, -2.000000, 1.000000, -2.000000, -2.000000, -2.000000, -2.000000]
    mean_vector = [0.142857, -0.142857, 0.071429, 0, 0, 0.071429, 0.214286, 0.142857, -0.214286, -0.142857, 0.142857, 0.214286, -0.142857, -0.214286, -0.071429, 0, 0.142857, -0.071429, 0.214286, -0.428571, 0.357143, -0.142857, 0.285714, 0.214286, 0.285714, 0.357143]
    on_plane_indices = [0, 2, 4, 5, 10, 11, 13, 15, 16, 17, 18, 19, 20, 22, 24, 28, 39, 41, 46, 47, 49, 51, 54, 55, 56, 57, 60, 62]

[class 12] all_reps_parallel=False
  rep1: vertices=28, parallel=False, cosine=-0.950873900641, orth_residual=3.324274853264e-01
    normal      = [-1.000000, 0, -1.000000, 0, -1.000000, 0, -1.000000, 0, 0, 0, 0, -1.000000, -1.000000, 1.000000, 0, -1.000000, -1.000000, 1.000000, 3.000000, 1.000000, 1.000000, 2.000000, 4.000000, -1.000000, -1.000000, -2.000000]
    mean_vector = [0, -0.071429, 0, -0.071429, 0.071429, -0.071429, 0.142857, -0.071429, -0.071429, 0, -0.071429, 0.071429, 0.142857, -0.142857, -0.071429, 0.071429, 0.142857, -0.142857, -0.500000, -0.142857, -0.142857, -0.357143, -0.642857, 0.142857, 0.142857, 0.357143]
    on_plane_indices = [2, 3, 5, 7, 8, 12, 13, 17, 19, 22, 23, 24, 28, 30, 32, 36, 41, 43, 45, 47, 48, 49, 52, 54, 57, 59, 62, 63]
  rep2: vertices=28, parallel=False, cosine=-0.950873900641, orth_residual=3.324274853264e-01
    normal      = [-1.000000, 0, -1.000000, 0, -1.000000, 0, -1.000000, 0, 0, 0, 0, -1.000000, -1.000000, 1.000000, 0, -1.000000, 1.000000, -1.000000, 3.000000, -1.000000, 1.000000, -2.000000, 4.000000, 1.000000, -1.000000, 2.000000]
    mean_vector = [0, -0.071429, 0, 0.071429, 0.071429, -0.071429, 0.142857, 0.071429, -0.071429, 0, -0.071429, 0.071429, 0.142857, -0.142857, -0.071429, 0.071429, -0.142857, 0.142857, -0.500000, 0.142857, -0.142857, 0.357143, -0.642857, -0.142857, 0.142857, -0.357143]
    on_plane_indices = [1, 3, 6, 7, 8, 9, 12, 18, 19, 21, 23, 24, 26, 28, 32, 36, 41, 43, 45, 47, 48, 50, 52, 53, 58, 59, 61, 63]
  rep3: vertices=28, parallel=False, cosine=-0.950873900641, orth_residual=3.324274853264e-01
    normal      = [-1.000000, 0, -1.000000, 0, -1.000000, 0, -1.000000, 0, 0, 0, 0, -1.000000, 1.000000, -1.000000, 0, -1.000000, -1.000000, 1.000000, 3.000000, 1.000000, -1.000000, -2.000000, 4.000000, -1.000000, 1.000000, 2.000000]
    mean_vector = [0, 0.071429, 0, -0.071429, 0.071429, -0.071429, 0.142857, -0.071429, 0.071429, 0, -0.071429, 0.071429, -0.142857, 0.142857, -0.071429, 0.071429, 0.142857, -0.142857, -0.500000, -0.142857, 0.142857, 0.357143, -0.642857, 0.142857, -0.142857, -0.357143]
    on_plane_indices = [1, 3, 6, 7, 8, 12, 14, 18, 19, 21, 23, 24, 28, 29, 32, 33, 36, 38, 41, 43, 46, 47, 48, 52, 57, 59, 61, 63]

[class 13] all_reps_parallel=False
  rep1: vertices=26, parallel=False, cosine=-0.867824538481, orth_residual=5.459026310846e-01
    normal      = [-3.000000, -1.000000, -3.000000, -1.000000, 0, 0, 2.000000, 1.000000, 1.000000, 2.000000, -2.000000, -1.000000, 2.000000, -1.000000, -1.000000, -2.000000, -1.000000, 2.000000, 3.000000, 1.000000, -4.000000, -2.000000, 3.000000, -4.000000, 1.000000, -2.000000]
    mean_vector = [0, 0.076923, 0, 0.076923, 0, 0, -0.230769, 0, 0, -0.230769, 0.076923, 0.076923, -0.153846, 0.153846, 0.076923, 0.076923, 0.153846, -0.153846, -0.307692, -0.076923, 0.538462, 0.307692, -0.307692, 0.538462, -0.076923, 0.307692]
    on_plane_indices = [0, 5, 7, 8, 10, 14, 15, 18, 19, 24, 25, 28, 29, 32, 33, 36, 38, 43, 46, 47, 49, 51, 52, 54, 57, 59]
  rep2: vertices=26, parallel=False, cosine=-0.867824538481, orth_residual=5.459026310846e-01
    normal      = [-3.000000, -1.000000, -3.000000, -1.000000, 0, 0, 2.000000, 1.000000, 1.000000, 2.000000, -2.000000, 1.000000, 2.000000, 1.000000, -1.000000, 2.000000, -1.000000, -2.000000, 3.000000, 1.000000, -4.000000, -2.000000, -3.000000, 4.000000, -1.000000, 2.000000]
    mean_vector = [0, 0.076923, 0, 0.076923, 0, 0, -0.230769, 0, 0, -0.230769, 0.076923, -0.076923, -0.153846, -0.153846, 0.076923, -0.076923, 0.153846, 0.153846, -0.307692, -0.076923, 0.538462, 0.307692, 0.307692, -0.538462, 0.076923, -0.307692]
    on_plane_indices = [1, 4, 6, 9, 11, 14, 15, 18, 19, 24, 25, 28, 29, 32, 33, 37, 39, 42, 46, 47, 48, 50, 53, 55, 56, 58]
  rep3: vertices=26, parallel=False, cosine=-0.867824538481, orth_residual=5.459026310846e-01
    normal      = [-3.000000, -1.000000, -3.000000, -1.000000, 0, 0, 2.000000, 1.000000, 1.000000, 2.000000, -1.000000, -2.000000, -1.000000, 2.000000, -2.000000, -1.000000, 2.000000, -1.000000, 3.000000, -4.000000, 1.000000, -2.000000, 3.000000, 1.000000, -4.000000, -2.000000]
    mean_vector = [0, 0.076923, 0, 0.076923, 0, 0, -0.230769, 0, 0, -0.230769, 0.076923, 0.076923, 0.153846, -0.153846, 0.076923, 0.076923, -0.153846, 0.153846, -0.307692, 0.538462, -0.076923, 0.307692, -0.307692, -0.076923, 0.538462, 0.307692]
    on_plane_indices = [0, 6, 7, 8, 9, 13, 15, 17, 19, 24, 26, 28, 30, 32, 34, 36, 37, 43, 45, 47, 50, 51, 52, 53, 58, 59]

[class 14] all_reps_parallel=False
  rep1: vertices=34, parallel=False, cosine=-0.979457043257, orth_residual=1.841467746176e-01
    normal      = [-1.000000, -1.000000, 0, 0, 0, 0, -1.000000, 0, -1.000000, 0, -1.000000, 0, -1.000000, 0, 2.000000, -2.000000, 0, 0, 0, -1.000000, 0, 1.000000, 1.000000, -1.000000, 1.000000, 1.000000]
    mean_vector = [0.176471, 0.176471, 0.058824, 0, 0.058824, -0.058824, 0.176471, 0, 0.176471, 0, 0.176471, 0.058824, 0.176471, 0.058824, -0.411765, 0.411765, 0, 0, -0.058824, 0.235294, -0.058824, -0.235294, -0.176471, 0.235294, -0.176471, -0.235294]
    on_plane_indices = [0, 1, 2, 3, 4, 5, 6, 7, 8, 9, 12, 13, 16, 18, 22, 23, 24, 25, 29, 31, 34, 35, 36, 38, 41, 43, 44, 45, 50, 54, 57, 59, 61, 63]
  rep2: vertices=34, parallel=False, cosine=-0.979457043257, orth_residual=1.841467746176e-01
    normal      = [-1.000000, -1.000000, 0, 0, 0, 0, -1.000000, 0, -1.000000, 0, -1.000000, 0, -1.000000, 0, 2.000000, -2.000000, 0, 0, 0, 1.000000, 0, -1.000000, 1.000000, 1.000000, 1.000000, -1.000000]
    mean_vector = [0.176471, 0.176471, 0.058824, 0, 0.058824, -0.058824, 0.176471, 0, 0.176471, 0, 0.176471, 0.058824, 0.176471, 0.058824, -0.411765, 0.411765, 0, 0, -0.058824, -0.235294, -0.058824, 0.235294, -0.176471, -0.235294, -0.176471, 0.235294]
    on_plane_indices = [0, 1, 2, 3, 4, 5, 6, 7, 8, 9, 12, 13, 18, 19, 20, 22, 25, 27, 28, 29, 32, 34, 38, 39, 40, 41, 45, 47, 50, 54, 57, 59, 61, 63]
  rep3: vertices=34, parallel=False, cosine=-0.979457043257, orth_residual=1.841467746176e-01
    normal      = [-1.000000, -1.000000, 0, 0, 0, 0, -1.000000, 0, -1.000000, 0, -1.000000, 0, -1.000000, 0, 2.000000, 0, -2.000000, 0, 0, 1.000000, 0, 1.000000, -1.000000, -1.000000, 1.000000, 1.000000]
    mean_vector = [0.176471, 0.176471, 0.058824, -0.058824, 0.058824, 0, 0.176471, 0.058824, 0.176471, 0.058824, 0.176471, 0, 0.176471, 0, -0.411765, 0, 0.411765, 0, -0.058824, -0.176471, -0.058824, -0.176471, 0.235294, 0.235294, -0.235294, -0.235294]
    on_plane_indices = [0, 1, 2, 3, 4, 5, 6, 7, 8, 9, 12, 13, 16, 18, 22, 23, 24, 25, 29, 31, 33, 35, 38, 39, 40, 41, 44, 46, 54, 55, 56, 57, 62, 63]

[class 15] all_reps_parallel=False
  rep1: vertices=34, parallel=False, cosine=-0.979457043257, orth_residual=1.841467746176e-01
    normal      = [-1.000000, -1.000000, -1.000000, -1.000000, 0, 0, -1.000000, 0, 0, 1.000000, -1.000000, 0, -1.000000, 0, -1.000000, 0, -1.000000, 0, 2.000000, 1.000000, 1.000000, 0, -1.000000, 1.000000, 1.000000, -1.000000]
    mean_vector = [0.176471, 0.176471, 0.176471, 0.176471, 0.058824, 0, 0.294118, 0.058824, 0.058824, -0.176471, 0.176471, 0, 0.176471, 0, 0.176471, 0, 0.176471, 0, -0.411765, -0.176471, -0.176471, 0.058824, 0.235294, -0.235294, -0.235294, 0.235294]
    on_plane_indices = [0, 1, 2, 3, 4, 5, 6, 7, 8, 9, 12, 13, 16, 17, 18, 19, 20, 22, 25, 27, 32, 33, 37, 39, 40, 42, 46, 47, 48, 49, 58, 59, 62, 63]
  rep2: vertices=34, parallel=False, cosine=-0.979457043257, orth_residual=1.841467746176e-01
    normal      = [-1.000000, -1.000000, -1.000000, -1.000000, 0, 0, -1.000000, 0, 0, 1.000000, -1.000000, 0, -1.000000, 0, -1.000000, 0, -1.000000, 0, 2.000000, 1.000000, 1.000000, 0, 1.000000, -1.000000, -1.000000, 1.000000]
    mean_vector = [0.176471, 0.176471, 0.176471, 0.176471, 0.058824, 0, 0.294118, 0.058824, 0.058824, -0.176471, 0.176471, 0, 0.176471, 0, 0.176471, 0, 0.176471, 0, -0.411765, -0.176471, -0.176471, 0.058824, -0.235294, 0.235294, 0.235294, -0.235294]
    on_plane_indices = [0, 1, 2, 3, 4, 5, 6, 7, 8, 9, 12, 13, 16, 17, 18, 19, 21, 23, 24, 26, 32, 33, 36, 38, 41, 43, 46, 47, 48, 49, 58, 59, 62, 63]
  rep3: vertices=34, parallel=False, cosine=-0.979457043257, orth_residual=1.841467746176e-01
    normal      = [-1.000000, -1.000000, -1.000000, -1.000000, 0, 0, -1.000000, 0, 0, 1.000000, 0, -1.000000, 0, -1.000000, 0, -1.000000, 0, -1.000000, -1.000000, 1.000000, 1.000000, -1.000000, 2.000000, 1.000000, 1.000000, 0]
    mean_vector = [0.176471, 0.176471, 0.176471, 0.176471, 0, 0.058824, 0.294118, 0.058824, 0.058824, -0.176471, 0, 0.176471, 0, 0.176471, 0, 0.176471, 0, 0.176471, 0.235294, -0.235294, -0.235294, 0.235294, -0.411765, -0.176471, -0.176471, 0.058824]
    on_plane_indices = [0, 1, 2, 3, 4, 5, 6, 7, 8, 10, 12, 14, 16, 17, 18, 19, 20, 21, 26, 27, 32, 34, 38, 39, 40, 41, 45, 47, 48, 50, 57, 59, 61, 63]

[class 16] all_reps_parallel=False
  rep1: vertices=29, parallel=False, cosine=-0.929591169267, orth_residual=3.859345682326e-01
    normal      = [-1.000000, -1.000000, -1.000000, -1.000000, 0, 0, 1.000000, 2.000000, 2.000000, 1.000000, -1.000000, 0, 1.000000, 0, 0, -1.000000, 0, 1.000000, 1.000000, 2.000000, -1.000000, -2.000000, 2.000000, -2.000000, 1.000000, -1.000000]
    mean_vector = [-0.034483, 0.034483, 0.034483, -0.034483, 0.034483, -0.034483, -0.172414, -0.379310, -0.379310, -0.172414, 0.103448, 0.034483, -0.103448, -0.034483, 0.034483, 0.103448, -0.034483, -0.103448, -0.172414, -0.379310, 0.172414, 0.379310, -0.379310, 0.379310, -0.172414, 0.172414]
    on_plane_indices = [5, 7, 8, 10, 12, 13, 14, 15, 18, 19, 20, 21, 28, 29, 32, 33, 38, 41, 43, 46, 47, 48, 49, 50, 51, 52, 54, 57, 59]
  rep2: vertices=29, parallel=False, cosine=-0.929591169267, orth_residual=3.859345682326e-01
    normal      = [-1.000000, -1.000000, -1.000000, -1.000000, 0, 0, 1.000000, 2.000000, 2.000000, 1.000000, -1.000000, 0, 1.000000, 0, 0, -1.000000, 0, 1.000000, 2.000000, 1.000000, -2.000000, -1.000000, 1.000000, -1.000000, 2.000000, -2.000000]
    mean_vector = [0.034483, -0.034483, -0.034483, 0.034483, -0.034483, 0.034483, -0.172414, -0.379310, -0.379310, -0.172414, 0.103448, 0.034483, -0.103448, -0.034483, 0.034483, 0.103448, -0.034483, -0.103448, -0.379310, -0.172414, 0.379310, 0.172414, -0.172414, 0.172414, -0.379310, 0.379310]
    on_plane_indices = [5, 7, 8, 10, 12, 13, 14, 15, 18, 19, 20, 22, 25, 28, 29, 32, 33, 42, 43, 46, 47, 48, 49, 50, 51, 52, 54, 57, 59]
  rep3: vertices=29, parallel=False, cosine=-0.929591169267, orth_residual=3.859345682326e-01
    normal      = [-1.000000, -1.000000, -1.000000, -1.000000, 0, 0, 1.000000, 2.000000, 2.000000, 1.000000, -1.000000, 0, 1.000000, 0, 0, 1.000000, 0, -1.000000, 1.000000, 2.000000, -1.000000, -2.000000, -2.000000, 2.000000, -1.000000, 1.000000]
    mean_vector = [-0.034483, 0.034483, 0.034483, -0.034483, 0.034483, 0.034483, -0.172414, -0.379310, -0.379310, -0.172414, 0.103448, -0.034483, -0.103448, 0.034483, 0.034483, -0.103448, -0.034483, 0.103448, -0.172414, -0.379310, 0.172414, 0.379310, 0.379310, -0.379310, 0.172414, -0.172414]
    on_plane_indices = [4, 6, 9, 11, 12, 13, 14, 15, 18, 19, 20, 21, 28, 29, 32, 33, 39, 40, 42, 46, 47, 48, 49, 50, 51, 53, 55, 56, 58]

[class 17] all_reps_parallel=False
  rep1: vertices=32, parallel=False, cosine=-0.929981109951, orth_residual=3.423265984407e-01
    normal      = [-2.000000, -2.000000, -2.000000, 0, 0, 0, 1.000000, -1.000000, 1.000000, -1.000000, -1.000000, -1.000000, -1.000000, 1.000000, -2.000000, 0, -2.000000, 0, 1.000000, 2.000000, 1.000000, 2.000000, 2.000000, -1.000000, -2.000000, 1.000000]
    mean_vector = [0.187500, 0.187500, 0.125000, 0.125000, 0.125000, 0, -0.062500, 0.187500, -0.062500, 0.187500, 0.187500, 0.062500, 0.187500, -0.062500, 0.250000, 0, 0.250000, 0, -0.062500, -0.312500, -0.062500, -0.312500, -0.312500, 0.187500, 0.312500, -0.187500]
    on_plane_indices = [0, 1, 2, 3, 4, 5, 8, 9, 10, 11, 12, 13, 16, 17, 21, 23, 24, 26, 30, 32, 33, 36, 38, 41, 43, 47, 48, 49, 54, 55, 62, 63]
  rep2: vertices=32, parallel=False, cosine=-0.929981109951, orth_residual=3.423265984407e-01
    normal      = [-2.000000, -2.000000, -2.000000, 0, 0, 0, 1.000000, -1.000000, 1.000000, -1.000000, -1.000000, -1.000000, 1.000000, -1.000000, 0, -2.000000, 0, -2.000000, 2.000000, -1.000000, -2.000000, 1.000000, 1.000000, 2.000000, 1.000000, 2.000000]
    mean_vector = [0.187500, 0.187500, 0.125000, 0.125000, 0, 0.125000, -0.062500, 0.187500, -0.062500, 0.187500, 0.062500, 0.187500, -0.062500, 0.187500, 0, 0.250000, 0, 0.250000, -0.312500, 0.187500, 0.312500, -0.187500, -0.062500, -0.312500, -0.062500, -0.312500]
    on_plane_indices = [0, 1, 2, 3, 4, 6, 8, 9, 10, 11, 12, 14, 16, 18, 22, 23, 24, 25, 29, 32, 34, 36, 37, 42, 43, 47, 48, 50, 53, 55, 61, 63]
  rep3: vertices=32, parallel=False, cosine=-0.929981109951, orth_residual=3.423265984407e-01
    normal      = [-2.000000, -2.000000, -2.000000, 0, 0, 0, 1.000000, -1.000000, 1.000000, -1.000000, -1.000000, 1.000000, -1.000000, -1.000000, -2.000000, 0, -2.000000, 0, 1.000000, 2.000000, 1.000000, 2.000000, -2.000000, 1.000000, 2.000000, -1.000000]
    mean_vector = [0.187500, 0.187500, 0.125000, 0.125000, 0.125000, 0, -0.062500, 0.187500, -0.062500, 0.187500, 0.187500, -0.062500, 0.187500, 0.062500, 0.250000, 0, 0.250000, 0, -0.062500, -0.312500, -0.062500, -0.312500, 0.312500, -0.187500, -0.312500, 0.187500]
    on_plane_indices = [0, 1, 2, 3, 4, 5, 8, 9, 10, 11, 12, 13, 16, 17, 20, 22, 25, 27, 31, 32, 33, 37, 39, 40, 42, 46, 48, 49, 54, 55, 62, 63]

[class 18] all_reps_parallel=False
  rep1: vertices=26, parallel=False, cosine=-0.873240717890, orth_residual=5.261098597098e-01
    normal      = [-2.000000, -2.000000, 0, 0, 0, 0, -2.000000, 0, 2.000000, 0, -1.000000, -1.000000, 1.000000, 1.000000, 2.000000, 2.000000, -2.000000, 2.000000, -2.000000, 1.000000, -2.000000, 3.000000, -2.000000, -3.000000, -2.000000, -1.000000]
    mean_vector = [0, 0, 0, 0.076923, 0, 0, 0.230769, 0, -0.230769, 0, 0.076923, 0.076923, -0.076923, -0.076923, -0.076923, -0.076923, 0.153846, -0.153846, 0.307692, -0.076923, 0.307692, -0.538462, 0.307692, 0.538462, 0.307692, 0.076923]
    on_plane_indices = [0, 2, 4, 5, 10, 11, 13, 15, 16, 17, 22, 23, 24, 35, 41, 43, 44, 46, 49, 51, 54, 55, 56, 57, 60, 62]
  rep2: vertices=26, parallel=False, cosine=-0.873240717890, orth_residual=5.261098597098e-01
    normal      = [-2.000000, -2.000000, 0, 0, 0, 0, -2.000000, 0, 2.000000, 0, -1.000000, -1.000000, 1.000000, 1.000000, 2.000000, 2.000000, -2.000000, 2.000000, -2.000000, 3.000000, -2.000000, 1.000000, -2.000000, -1.000000, -2.000000, -3.000000]
    mean_vector = [0, 0, 0, -0.076923, 0, 0, 0.230769, 0, -0.230769, 0, 0.076923, 0.076923, -0.076923, -0.076923, -0.076923, -0.076923, 0.153846, -0.153846, 0.307692, -0.538462, 0.307692, -0.076923, 0.307692, 0.076923, 0.307692, 0.538462]
    on_plane_indices = [0, 2, 4, 5, 10, 11, 13, 15, 17, 19, 20, 22, 28, 39, 40, 41, 46, 47, 49, 51, 54, 55, 56, 57, 60, 62]
  rep3: vertices=26, parallel=False, cosine=-0.873240717890, orth_residual=5.261098597098e-01
    normal      = [-2.000000, -2.000000, 0, 0, 0, 0, -2.000000, 0, 2.000000, 0, -1.000000, -1.000000, 1.000000, 1.000000, 2.000000, 2.000000, 2.000000, -2.000000, -2.000000, -3.000000, -2.000000, -1.000000, -2.000000, 1.000000, -2.000000, 3.000000]
    mean_vector = [0, 0, 0, 0.076923, 0, 0, 0.230769, 0, -0.230769, 0, 0.076923, 0.076923, -0.076923, -0.076923, -0.076923, -0.076923, -0.153846, 0.153846, 0.307692, 0.538462, 0.307692, 0.076923, 0.307692, -0.076923, 0.307692, -0.538462]
    on_plane_indices = [0, 1, 4, 6, 9, 11, 14, 15, 16, 18, 21, 23, 24, 35, 42, 43, 44, 45, 50, 51, 53, 55, 56, 58, 60, 61]

[class 19] all_reps_parallel=False
  rep1: vertices=29, parallel=False, cosine=-0.959234742401, orth_residual=2.946208188041e-01
    normal      = [-1.000000, 0, -1.000000, 0, -1.000000, 0, 0, -1.000000, -1.000000, -1.000000, 0, -1.000000, -1.000000, -1.000000, 1.000000, 0, 0, 0, -2.000000, 0, 1.000000, 2.000000, 0, 1.000000, 2.000000, -1.000000]
    mean_vector = [0.172414, 0.103448, 0.103448, -0.034483, 0.103448, -0.034483, 0.103448, 0.241379, 0.172414, 0.172414, 0.103448, 0.241379, 0.172414, 0.172414, -0.103448, 0.034483, 0.034483, 0.034483, 0.448276, 0.034483, -0.172414, -0.448276, 0.034483, -0.241379, -0.448276, 0.241379]
    on_plane_indices = [0, 1, 2, 3, 4, 5, 8, 10, 12, 16, 17, 20, 22, 25, 27, 30, 31, 34, 35, 37, 39, 40, 44, 45, 54, 55, 57, 61, 63]
  rep2: vertices=29, parallel=False, cosine=-0.959234742401, orth_residual=2.946208188041e-01
    normal      = [-1.000000, 0, -1.000000, 0, -1.000000, 0, 0, -1.000000, -1.000000, -1.000000, 0, 1.000000, -1.000000, 1.000000, 1.000000, 0, 0, 0, -2.000000, 0, 1.000000, 2.000000, 0, -1.000000, -2.000000, 1.000000]
    mean_vector = [0.172414, 0.103448, 0.103448, -0.034483, 0.103448, 0.034483, 0.103448, 0.241379, 0.172414, 0.172414, 0.103448, -0.241379, 0.172414, -0.172414, -0.103448, -0.034483, 0.034483, -0.034483, 0.448276, 0.034483, -0.172414, -0.448276, -0.034483, 0.241379, 0.448276, -0.241379]
    on_plane_indices = [0, 1, 2, 3, 4, 5, 9, 11, 13, 16, 17, 21, 23, 24, 26, 30, 31, 34, 35, 36, 38, 41, 44, 45, 54, 55, 56, 60, 62]
  rep3: vertices=29, parallel=False, cosine=-0.959234742401, orth_residual=2.946208188041e-01
    normal      = [-1.000000, 0, -1.000000, 0, -1.000000, 0, 0, -1.000000, -1.000000, -1.000000, 1.000000, 0, 0, 0, 0, -1.000000, -1.000000, -1.000000, -2.000000, 1.000000, 0, 2.000000, 0, 2.000000, 1.000000, -1.000000]
    mean_vector = [0.103448, -0.034483, 0.172414, 0.103448, 0.103448, -0.034483, 0.103448, 0.172414, 0.241379, 0.172414, -0.103448, 0.034483, 0.034483, 0.034483, 0.103448, 0.241379, 0.172414, 0.172414, 0.448276, -0.172414, 0.034483, -0.448276, 0.034483, -0.448276, -0.241379, 0.241379]
    on_plane_indices = [0, 1, 2, 3, 4, 5, 10, 11, 16, 17, 20, 22, 25, 27, 30, 31, 32, 34, 37, 39, 40, 45, 48, 54, 55, 56, 57, 61, 63]

[class 20] all_reps_parallel=True
  rep1: vertices=32, parallel=True, cosine=-1.000000000000, orth_residual=0.000000000000e+00
    normal      = [-1.000000, -1.000000, 0, 0, 0, 0, -1.000000, 0, -1.000000, 0, -1.000000, 0, -1.000000, 0, 0, 0, 0, 0, 0, -1.000000, 2.000000, 1.000000, -1.000000, 1.000000, 1.000000, -1.000000]
    mean_vector = [0.250000, 0.250000, 0, 0, 0, 0, 0.250000, 0, 0.250000, 0, 0.250000, 0, 0.250000, 0, 0, 0, 0, 0, 0, 0.250000, -0.500000, -0.250000, 0.250000, -0.250000, -0.250000, 0.250000]
    on_plane_indices = [0, 1, 2, 3, 4, 5, 6, 7, 8, 9, 12, 13, 16, 17, 20, 22, 25, 27, 30, 31, 34, 35, 37, 39, 40, 42, 44, 45, 58, 59, 62, 63]
  rep2: vertices=32, parallel=True, cosine=-1.000000000000, orth_residual=0.000000000000e+00
    normal      = [-1.000000, -1.000000, 0, 0, 0, 0, -1.000000, 0, -1.000000, 0, -1.000000, 0, -1.000000, 0, 0, 0, 0, 0, 0, -1.000000, 2.000000, 1.000000, 1.000000, -1.000000, -1.000000, 1.000000]
    mean_vector = [0.250000, 0.250000, 0, 0, 0, 0, 0.250000, 0, 0.250000, 0, 0.250000, 0, 0.250000, 0, 0, 0, 0, 0, 0, 0.250000, -0.500000, -0.250000, -0.250000, 0.250000, 0.250000, -0.250000]
    on_plane_indices = [0, 1, 2, 3, 4, 5, 6, 7, 8, 9, 12, 13, 16, 17, 21, 23, 24, 26, 30, 31, 34, 35, 36, 38, 41, 43, 44, 45, 58, 59, 62, 63]
  rep3: vertices=32, parallel=True, cosine=-1.000000000000, orth_residual=0.000000000000e+00
    normal      = [-1.000000, -1.000000, 0, 0, 0, 0, -1.000000, 0, -1.000000, 0, -1.000000, 0, -1.000000, 0, 0, 0, 0, 0, 0, 1.000000, 2.000000, -1.000000, -1.000000, -1.000000, 1.000000, 1.000000]
    mean_vector = [0.250000, 0.250000, 0, 0, 0, 0, 0.250000, 0, 0.250000, 0, 0.250000, 0, 0.250000, 0, 0, 0, 0, 0, 0, -0.250000, -0.500000, 0.250000, 0.250000, 0.250000, -0.250000, -0.250000]
    on_plane_indices = [0, 1, 2, 3, 4, 5, 6, 7, 8, 9, 12, 13, 16, 18, 20, 21, 26, 27, 29, 31, 33, 35, 38, 39, 40, 41, 44, 46, 58, 59, 62, 63]

[class 21] all_reps_parallel=False
  rep1: vertices=30, parallel=False, cosine=-0.928279121633, orth_residual=3.800584750330e-01
    normal      = [-2.000000, 0, 0, 0, 0, 0, -2.000000, 0, -2.000000, 0, -1.000000, -1.000000, -1.000000, -1.000000, 1.000000, 1.000000, -1.000000, 1.000000, -1.000000, 2.000000, 2.000000, -1.000000, -1.000000, -2.000000, 2.000000, 1.000000]
    mean_vector = [0.200000, 0.200000, 0.066667, 0, 0, 0, 0.333333, 0, 0.333333, 0, 0.133333, 0.133333, 0.133333, 0.133333, 0, 0, 0.066667, -0.066667, 0.133333, -0.333333, -0.400000, 0.200000, 0.133333, 0.333333, -0.400000, -0.200000]
    on_plane_indices = [0, 1, 2, 3, 4, 5, 6, 7, 8, 12, 16, 18, 20, 21, 26, 27, 29, 31, 33, 35, 38, 39, 40, 41, 44, 46, 57, 59, 62, 63]
  rep2: vertices=30, parallel=False, cosine=-0.928279121633, orth_residual=3.800584750330e-01
    normal      = [-2.000000, 0, 0, 0, 0, 0, -2.000000, 0, -2.000000, 0, -1.000000, -1.000000, -1.000000, -1.000000, 1.000000, 1.000000, 1.000000, -1.000000, -1.000000, -2.000000, 2.000000, 1.000000, -1.000000, 2.000000, 2.000000, -1.000000]
    mean_vector = [0.200000, 0.200000, 0.066667, 0, 0, 0, 0.333333, 0, 0.333333, 0, 0.133333, 0.133333, 0.133333, 0.133333, 0, 0, -0.066667, 0.066667, 0.133333, 0.333333, -0.400000, -0.200000, 0.133333, -0.333333, -0.400000, 0.200000]
    on_plane_indices = [0, 1, 2, 3, 4, 5, 6, 7, 8, 12, 16, 17, 20, 22, 25, 27, 30, 31, 34, 35, 37, 39, 40, 42, 44, 45, 58, 59, 61, 63]
  rep3: vertices=30, parallel=False, cosine=-0.928279121633, orth_residual=3.800584750330e-01
    normal      = [-2.000000, 0, 0, 0, 0, 0, -2.000000, 0, -2.000000, 0, -1.000000, 1.000000, -1.000000, 1.000000, 1.000000, -1.000000, -1.000000, -1.000000, -1.000000, 2.000000, 2.000000, -1.000000, 1.000000, 2.000000, -2.000000, -1.000000]
    mean_vector = [0.200000, 0.200000, 0.066667, 0, 0, 0, 0.333333, 0, 0.333333, 0, 0.133333, -0.133333, 0.133333, -0.133333, 0, 0, 0.066667, 0.066667, 0.133333, -0.333333, -0.400000, 0.200000, -0.133333, -0.333333, 0.400000, 0.200000]
    on_plane_indices = [0, 1, 2, 3, 4, 5, 6, 7, 9, 13, 17, 19, 20, 21, 26, 27, 28, 30, 32, 34, 38, 39, 40, 41, 45, 47, 56, 58, 62, 63]

[class 22] all_reps_parallel=False
  rep1: vertices=27, parallel=False, cosine=-0.944096983498, orth_residual=3.593120370909e-01
    normal      = [-1.000000, -1.000000, 0, 0, 0, 0, -1.000000, 0, 1.000000, 0, -1.000000, 0, 1.000000, 0, 1.000000, -1.000000, -1.000000, -1.000000, -2.000000, 1.000000, -1.000000, 2.000000, 1.000000, 3.000000, 2.000000, 0]
    mean_vector = [-0.037037, 0.037037, 0.037037, 0.037037, 0.037037, 0.037037, 0.185185, 0.037037, -0.185185, -0.037037, 0.185185, 0.037037, -0.185185, -0.037037, -0.037037, 0.111111, 0.111111, 0.111111, 0.407407, -0.185185, 0.185185, -0.407407, -0.185185, -0.629630, -0.407407, 0.037037]
    on_plane_indices = [1, 3, 4, 5, 10, 11, 12, 14, 16, 17, 20, 22, 25, 34, 39, 40, 42, 45, 47, 48, 50, 54, 55, 56, 57, 61, 63]
  rep2: vertices=27, parallel=False, cosine=-0.944096983498, orth_residual=3.593120370909e-01
    normal      = [-1.000000, -1.000000, 0, 0, 0, 0, -1.000000, 0, 1.000000, 0, -1.000000, 0, 1.000000, 0, 1.000000, -1.000000, -1.000000, -1.000000, -1.000000, 2.000000, -2.000000, 1.000000, 2.000000, 0, 1.000000, 3.000000]
    mean_vector = [0.037037, -0.037037, -0.037037, -0.037037, -0.037037, -0.037037, 0.185185, 0.037037, -0.185185, -0.037037, 0.185185, 0.037037, -0.185185, -0.037037, -0.037037, 0.111111, 0.111111, 0.111111, 0.185185, -0.407407, 0.407407, -0.185185, -0.407407, 0.037037, -0.185185, -0.629630]
    on_plane_indices = [1, 3, 4, 5, 10, 11, 12, 14, 16, 18, 21, 23, 24, 29, 38, 41, 43, 46, 47, 48, 50, 54, 55, 56, 57, 61, 63]
  rep3: vertices=27, parallel=False, cosine=-0.944096983498, orth_residual=3.593120370909e-01
    normal      = [-1.000000, -1.000000, 0, 0, 0, 0, -1.000000, 0, 1.000000, 0, -1.000000, 0, 1.000000, 0, 1.000000, -1.000000, 1.000000, 1.000000, -2.000000, -1.000000, -1.000000, -2.000000, 1.000000, -3.000000, 2.000000, 0]
    mean_vector = [-0.037037, 0.037037, 0.037037, -0.037037, 0.037037, 0.037037, 0.185185, -0.037037, -0.185185, 0.037037, 0.185185, 0.037037, -0.185185, -0.037037, -0.037037, 0.111111, -0.111111, -0.111111, 0.407407, 0.185185, 0.185185, 0.407407, -0.185185, 0.629630, -0.407407, -0.037037]
    on_plane_indices = [0, 1, 5, 7, 8, 10, 14, 15, 16, 18, 20, 21, 29, 35, 38, 41, 43, 44, 46, 50, 51, 52, 54, 57, 59, 60, 61]

[class 23] all_reps_parallel=True
  rep1: vertices=40, parallel=True, cosine=-1.000000000000, orth_residual=3.224906463712e-16
    normal      = [-1.000000, 0, -1.000000, 0, -1.000000, 0, -1.000000, 0, 0, 0, 0, -1.000000, -1.000000, 1.000000, 0, 1.000000, -1.000000, -1.000000, 1.000000, 1.000000, 1.000000, 0, 0, 1.000000, -1.000000, 0]
    mean_vector = [0.200000, 0, 0.200000, 0, 0.200000, 0, 0.200000, 0, 0, 0, 0, 0.200000, 0.200000, -0.200000, 0, -0.200000, 0.200000, 0.200000, -0.200000, -0.200000, -0.200000, 0, 0, -0.200000, 0.200000, 0]
    on_plane_indices = [0, 1, 2, 3, 4, 5, 6, 7, 8, 9, 12, 13, 16, 17, 18, 19, 20, 21, 22, 23, 24, 26, 28, 30, 32, 33, 37, 39, 40, 41, 45, 47, 48, 49, 53, 55, 56, 58, 62, 63]
  rep2: vertices=40, parallel=True, cosine=-1.000000000000, orth_residual=3.224906463712e-16
    normal      = [-1.000000, 0, -1.000000, 0, -1.000000, 0, -1.000000, 0, 0, 0, 0, -1.000000, -1.000000, 1.000000, 0, 1.000000, 1.000000, 1.000000, 1.000000, -1.000000, 1.000000, 0, 0, -1.000000, -1.000000, 0]
    mean_vector = [0.200000, 0, 0.200000, 0, 0.200000, 0, 0.200000, 0, 0, 0, 0, 0.200000, 0.200000, -0.200000, 0, -0.200000, -0.200000, -0.200000, -0.200000, 0.200000, -0.200000, 0, 0, 0.200000, 0.200000, 0]
    on_plane_indices = [0, 1, 2, 3, 4, 5, 6, 7, 8, 9, 12, 13, 16, 17, 18, 19, 20, 21, 22, 23, 24, 26, 28, 30, 33, 35, 36, 37, 41, 43, 44, 45, 49, 51, 52, 53, 58, 59, 60, 62]
  rep3: vertices=40, parallel=True, cosine=-1.000000000000, orth_residual=3.224906463712e-16
    normal      = [-1.000000, 0, -1.000000, 0, -1.000000, 0, -1.000000, 0, 0, 0, 0, -1.000000, 1.000000, -1.000000, 0, 1.000000, -1.000000, -1.000000, 1.000000, 1.000000, -1.000000, 0, 0, 1.000000, 1.000000, 0]
    mean_vector = [0.200000, 0, 0.200000, 0, 0.200000, 0, 0.200000, 0, 0, 0, 0, 0.200000, -0.200000, 0.200000, 0, -0.200000, 0.200000, 0.200000, -0.200000, -0.200000, 0.200000, 0, 0, -0.200000, -0.200000, 0]
    on_plane_indices = [0, 1, 2, 3, 4, 5, 6, 7, 8, 10, 12, 14, 16, 17, 18, 19, 20, 21, 22, 23, 24, 25, 28, 29, 32, 33, 37, 39, 40, 42, 46, 47, 48, 49, 53, 55, 56, 57, 61, 63]

[class 24] all_reps_parallel=False
  rep1: vertices=28, parallel=False, cosine=-0.922909764607, orth_residual=4.060498453473e-01
    normal      = [-1.000000, -1.000000, -1.000000, -1.000000, -1.000000, -1.000000, 0, 1.000000, 1.000000, 0, 0, 1.000000, 1.000000, 0, 1.000000, 2.000000, 2.000000, 1.000000, 2.000000, -2.000000, -1.000000, -2.000000, 0, -1.000000, 0, 2.000000]
    mean_vector = [0.071429, 0.071429, 0.071429, 0, 0, 0.071429, 0, -0.071429, -0.142857, 0.071429, 0.071429, -0.142857, -0.071429, 0, -0.214286, -0.428571, -0.285714, -0.214286, -0.428571, 0.357143, 0.142857, 0.357143, -0.071429, 0.142857, -0.071429, -0.428571]
    on_plane_indices = [1, 3, 6, 7, 8, 9, 12, 14, 18, 19, 21, 23, 24, 28, 29, 33, 35, 36, 42, 43, 44, 46, 50, 51, 52, 53, 58, 60]
  rep2: vertices=28, parallel=False, cosine=-0.922909764607, orth_residual=4.060498453473e-01
    normal      = [-1.000000, -1.000000, -1.000000, -1.000000, -1.000000, -1.000000, 0, 1.000000, 1.000000, 0, 0, 1.000000, 1.000000, 0, 1.000000, 2.000000, 2.000000, 1.000000, 2.000000, 0, -1.000000, 0, -2.000000, -1.000000, -2.000000, 2.000000]
    mean_vector = [0.071429, 0.071429, 0, 0.071429, 0.071429, 0, 0.071429, -0.142857, -0.071429, 0, 0, -0.071429, -0.142857, 0.071429, -0.214286, -0.285714, -0.428571, -0.214286, -0.428571, -0.071429, 0.142857, -0.071429, 0.357143, 0.142857, 0.357143, -0.428571]
    on_plane_indices = [2, 3, 4, 6, 9, 11, 12, 13, 18, 19, 21, 23, 24, 28, 29, 33, 35, 36, 42, 43, 44, 46, 49, 51, 53, 56, 58, 60]
  rep3: vertices=28, parallel=False, cosine=-0.922909764607, orth_residual=4.060498453473e-01
    normal      = [-1.000000, -1.000000, -1.000000, -1.000000, -1.000000, -1.000000, 0, 1.000000, 1.000000, 0, 1.000000, 0, 0, 1.000000, 2.000000, 1.000000, 1.000000, 2.000000, -2.000000, -1.000000, -2.000000, 2.000000, 2.000000, 0, -1.000000, 0]
    mean_vector = [0.071429, 0.071429, 0, 0.071429, 0, 0.071429, 0.071429, -0.142857, -0.071429, 0, -0.071429, 0, 0.071429, -0.142857, -0.285714, -0.214286, -0.214286, -0.428571, 0.357143, 0.142857, 0.357143, -0.428571, -0.428571, -0.071429, 0.142857, -0.071429]
    on_plane_indices = [1, 3, 4, 5, 10, 11, 12, 14, 17, 19, 22, 23, 24, 28, 30, 34, 35, 36, 41, 43, 44, 45, 50, 51, 54, 56, 57, 60]

[class 25] all_reps_parallel=False
  rep1: vertices=34, parallel=False, cosine=-0.985610760609, orth_residual=1.533929977695e-01
    normal      = [-1.000000, -1.000000, 0, 0, 0, 0, -1.000000, 0, -1.000000, 0, -1.000000, 0, -1.000000, 0, 2.000000, 0, 0, -2.000000, 0, -1.000000, 0, 1.000000, -1.000000, 1.000000, 1.000000, 1.000000]
    mean_vector = [0.176471, 0.176471, 0.058824, 0, 0.058824, 0, 0.176471, 0, 0.176471, 0, 0.176471, 0, 0.176471, 0, -0.411765, 0, 0, 0.411765, -0.058824, 0.235294, -0.058824, -0.235294, 0.235294, -0.176471, -0.235294, -0.176471]
    on_plane_indices = [0, 1, 2, 3, 4, 5, 6, 7, 8, 9, 12, 13, 16, 18, 22, 23, 24, 25, 29, 31, 34, 35, 37, 39, 40, 42, 44, 45, 50, 55, 56, 58, 61, 63]
  rep2: vertices=34, parallel=False, cosine=-0.985610760609, orth_residual=1.533929977695e-01
    normal      = [-1.000000, -1.000000, 0, 0, 0, 0, -1.000000, 0, -1.000000, 0, -1.000000, 0, -1.000000, 0, 2.000000, 0, 0, -2.000000, 0, 1.000000, 0, -1.000000, 1.000000, 1.000000, -1.000000, 1.000000]
    mean_vector = [0.176471, 0.176471, 0.058824, 0, 0.058824, 0, 0.176471, 0, 0.176471, 0, 0.176471, 0, 0.176471, 0, -0.411765, 0, 0, 0.411765, -0.058824, -0.235294, -0.058824, 0.235294, -0.235294, -0.176471, 0.235294, -0.176471]
    on_plane_indices = [0, 1, 2, 3, 4, 5, 6, 7, 8, 9, 12, 13, 18, 19, 21, 23, 24, 26, 28, 29, 32, 34, 38, 39, 40, 41, 45, 47, 50, 55, 56, 58, 61, 63]
  rep3: vertices=34, parallel=False, cosine=-0.985610760609, orth_residual=1.533929977695e-01
    normal      = [-1.000000, -1.000000, 0, 0, 0, 0, -1.000000, 0, -1.000000, 0, -1.000000, 0, -1.000000, 0, 2.000000, 0, 0, 2.000000, 0, -1.000000, 0, 1.000000, 1.000000, -1.000000, -1.000000, -1.000000]
    mean_vector = [0.176471, 0.176471, 0.058824, 0, 0.058824, 0, 0.176471, 0, 0.176471, 0, 0.176471, 0, 0.176471, 0, -0.411765, 0, 0, -0.411765, -0.058824, 0.235294, -0.058824, -0.235294, -0.235294, 0.176471, 0.235294, 0.176471]
    on_plane_indices = [0, 1, 2, 3, 4, 5, 6, 7, 8, 9, 12, 13, 17, 19, 22, 23, 24, 25, 28, 30, 34, 35, 36, 38, 41, 43, 44, 45, 51, 54, 57, 59, 60, 62]

[class 26] all_reps_parallel=False
  rep1: vertices=28, parallel=False, cosine=-0.868243142124, orth_residual=5.111012520000e-01
    normal      = [-1.000000, -1.000000, 0, 0, 0, 0, -1.000000, -1.000000, 1.000000, 1.000000, -1.000000, 0, 1.000000, 0, 1.000000, -1.000000, 1.000000, 1.000000, -1.000000, -1.000000, -1.000000, -1.000000, 1.000000, -1.000000, 1.000000, -1.000000]
    mean_vector = [0, 0, 0, 0, 0, 0, 0.285714, 0.285714, -0.285714, -0.285714, 0.142857, 0, -0.142857, 0, 0, 0.142857, 0, -0.142857, 0.285714, 0.285714, 0.285714, 0.285714, -0.285714, 0.285714, -0.285714, 0.285714]
    on_plane_indices = [0, 1, 5, 7, 8, 10, 14, 15, 16, 17, 18, 19, 20, 25, 38, 43, 44, 45, 46, 47, 50, 51, 52, 54, 57, 59, 60, 61]
  rep2: vertices=28, parallel=False, cosine=-0.868243142124, orth_residual=5.111012520000e-01
    normal      = [-1.000000, -1.000000, 0, 0, 0, 0, -1.000000, -1.000000, 1.000000, 1.000000, -1.000000, 0, 1.000000, 0, 1.000000, 1.000000, 1.000000, -1.000000, -1.000000, -1.000000, -1.000000, -1.000000, -1.000000, 1.000000, -1.000000, 1.000000]
    mean_vector = [0, 0, 0, 0, 0, 0, 0.285714, 0.285714, -0.285714, -0.285714, 0.142857, 0, -0.142857, 0, 0, -0.142857, 0, 0.142857, 0.285714, 0.285714, 0.285714, 0.285714, 0.285714, -0.285714, 0.285714, -0.285714]
    on_plane_indices = [0, 1, 4, 6, 9, 11, 14, 15, 16, 17, 18, 19, 21, 24, 39, 42, 44, 45, 46, 47, 50, 51, 53, 55, 56, 58, 60, 61]
  rep3: vertices=28, parallel=False, cosine=-0.868243142124, orth_residual=5.111012520000e-01
    normal      = [-1.000000, -1.000000, 0, 0, 0, 0, -1.000000, -1.000000, 1.000000, 1.000000, 0, -1.000000, 0, 1.000000, -1.000000, 1.000000, 1.000000, 1.000000, 1.000000, -1.000000, 1.000000, -1.000000, -1.000000, -1.000000, -1.000000, -1.000000]
    mean_vector = [0, 0, 0, 0, 0, 0, 0.285714, 0.285714, -0.285714, -0.285714, 0, 0.142857, 0, -0.142857, 0.142857, 0, -0.142857, 0, -0.285714, 0.285714, -0.285714, 0.285714, 0.285714, 0.285714, 0.285714, 0.285714]
    on_plane_indices = [0, 2, 6, 7, 8, 9, 13, 15, 16, 17, 18, 19, 20, 26, 37, 43, 44, 45, 46, 47, 49, 51, 52, 53, 58, 59, 60, 62]

[class 27] all_reps_parallel=True
  rep1: vertices=32, parallel=True, cosine=-1.000000000000, orth_residual=0.000000000000e+00
    normal      = [0, 0, 0, 0, 0, 0, -1.000000, -1.000000, -1.000000, -1.000000, 0, 0, 0, 0, 0, 0, 0, 0, -2.000000, 0, 2.000000, 0, -1.000000, 1.000000, -1.000000, 1.000000]
    mean_vector = [0, 0, 0, 0, 0, 0, 0.250000, 0.250000, 0.250000, 0.250000, 0, 0, 0, 0, 0, 0, 0, 0, 0.500000, 0, -0.500000, 0, 0.250000, -0.250000, 0.250000, -0.250000]
    on_plane_indices = [0, 1, 2, 3, 4, 6, 9, 11, 16, 17, 20, 21, 26, 27, 30, 31, 34, 35, 38, 39, 40, 41, 44, 45, 53, 55, 56, 58, 60, 61, 62, 63]
  rep2: vertices=32, parallel=True, cosine=-1.000000000000, orth_residual=0.000000000000e+00
    normal      = [0, 0, 0, 0, 0, 0, -1.000000, -1.000000, -1.000000, -1.000000, 0, 0, 0, 0, 0, 0, 0, 0, -2.000000, 0, 2.000000, 0, 1.000000, -1.000000, 1.000000, -1.000000]
    mean_vector = [0, 0, 0, 0, 0, 0, 0.250000, 0.250000, 0.250000, 0.250000, 0, 0, 0, 0, 0, 0, 0, 0, 0.500000, 0, -0.500000, 0, -0.250000, 0.250000, -0.250000, 0.250000]
    on_plane_indices = [0, 1, 2, 3, 5, 7, 8, 10, 16, 17, 20, 21, 26, 27, 30, 31, 34, 35, 38, 39, 40, 41, 44, 45, 52, 54, 57, 59, 60, 61, 62, 63]
  rep3: vertices=32, parallel=True, cosine=-1.000000000000, orth_residual=0.000000000000e+00
    normal      = [0, 0, 0, 0, 0, 0, -1.000000, -1.000000, -1.000000, -1.000000, 0, 0, 0, 0, 0, 0, 0, 0, -2.000000, 2.000000, 0, 0, -1.000000, -1.000000, 1.000000, 1.000000]
    mean_vector = [0, 0, 0, 0, 0, 0, 0.250000, 0.250000, 0.250000, 0.250000, 0, 0, 0, 0, 0, 0, 0, 0, 0.500000, -0.500000, 0, 0, 0.250000, 0.250000, -0.250000, -0.250000]
    on_plane_indices = [0, 1, 2, 3, 4, 5, 10, 11, 16, 18, 20, 21, 26, 27, 29, 31, 33, 35, 38, 39, 40, 41, 44, 46, 54, 55, 56, 57, 60, 61, 62, 63]

[class 28] all_reps_parallel=False
  rep1: vertices=35, parallel=False, cosine=-0.982994832370, orth_residual=1.593120646774e-01
    normal      = [-1.000000, -1.000000, -1.000000, -1.000000, -1.000000, -1.000000, -1.000000, 0, 0, 1.000000, -1.000000, 0, 0, 1.000000, -1.000000, 0, 0, 1.000000, 2.000000, 1.000000, 1.000000, -1.000000, 1.000000, -1.000000, -1.000000, 0]
    mean_vector = [0.200000, 0.142857, 0.200000, 0.142857, 0.200000, 0.142857, 0.200000, 0.028571, 0.028571, -0.142857, 0.200000, 0.028571, 0.028571, -0.142857, 0.200000, 0.028571, 0.028571, -0.142857, -0.371429, -0.200000, -0.200000, 0.200000, -0.200000, 0.200000, 0.200000, -0.085714]
    on_plane_indices = [0, 1, 2, 3, 4, 5, 6, 7, 8, 9, 12, 13, 16, 17, 18, 19, 20, 21, 24, 26, 28, 32, 33, 36, 38, 41, 43, 46, 47, 48, 49, 52, 58, 59, 62]
  rep2: vertices=35, parallel=False, cosine=-0.982994832370, orth_residual=1.593120646774e-01
    normal      = [-1.000000, -1.000000, -1.000000, -1.000000, -1.000000, -1.000000, -1.000000, 0, 0, 1.000000, 0, -1.000000, 1.000000, 0, 0, -1.000000, 1.000000, 0, 1.000000, -1.000000, -1.000000, 0, 2.000000, 1.000000, 1.000000, -1.000000]
    mean_vector = [0.200000, 0.142857, 0.200000, 0.142857, 0.142857, 0.200000, 0.200000, 0.028571, 0.028571, -0.142857, 0.028571, 0.200000, -0.142857, 0.028571, 0.028571, 0.200000, -0.142857, 0.028571, -0.200000, 0.200000, 0.200000, -0.085714, -0.371429, -0.200000, -0.200000, 0.200000]
    on_plane_indices = [0, 1, 2, 3, 4, 5, 6, 7, 8, 10, 12, 14, 16, 17, 18, 19, 20, 22, 24, 25, 28, 32, 34, 36, 37, 42, 43, 45, 47, 48, 50, 52, 57, 59, 61]
  rep3: vertices=35, parallel=False, cosine=-0.982994832370, orth_residual=1.593120646774e-01
    normal      = [-1.000000, -1.000000, -1.000000, -1.000000, -1.000000, -1.000000, 0, -1.000000, 1.000000, 0, -1.000000, 0, 0, 1.000000, 0, 1.000000, -1.000000, 0, 1.000000, 2.000000, -1.000000, 1.000000, -1.000000, 1.000000, 0, -1.000000]
    mean_vector = [0.200000, 0.142857, 0.142857, 0.200000, 0.200000, 0.142857, 0.028571, 0.200000, -0.142857, 0.028571, 0.200000, 0.028571, 0.028571, -0.142857, 0.028571, -0.142857, 0.200000, 0.028571, -0.200000, -0.371429, 0.200000, -0.200000, 0.200000, -0.200000, -0.085714, 0.200000]
    on_plane_indices = [0, 1, 2, 3, 4, 5, 8, 9, 10, 11, 12, 13, 16, 17, 18, 19, 20, 22, 24, 25, 28, 32, 33, 37, 39, 40, 42, 46, 47, 48, 49, 54, 55, 56, 62]

[class 29] all_reps_parallel=False
  rep1: vertices=41, parallel=False, cosine=-0.991097890835, orth_residual=9.774015110618e-02
    normal      = [-1.000000, 0, -1.000000, 0, -1.000000, 0, 0, -1.000000, -1.000000, 1.000000, 0, -1.000000, -1.000000, 1.000000, 0, -1.000000, -1.000000, 1.000000, 1.000000, 1.000000, 1.000000, 0, 1.000000, 0, 0, -1.000000]
    mean_vector = [0.170732, 0.024390, 0.170732, 0.024390, 0.170732, 0.024390, 0.024390, 0.170732, 0.170732, -0.170732, 0.024390, 0.170732, 0.170732, -0.170732, 0.024390, 0.170732, 0.170732, -0.170732, -0.219512, -0.170732, -0.170732, -0.024390, -0.170732, -0.024390, -0.024390, 0.219512]
    on_plane_indices = [0, 1, 2, 3, 4, 5, 6, 7, 8, 9, 12, 13, 16, 17, 18, 19, 20, 22, 24, 25, 26, 27, 28, 30, 32, 33, 36, 37, 38, 39, 41, 45, 47, 48, 49, 52, 54, 57, 59, 62, 63]
  rep2: vertices=41, parallel=False, cosine=-0.991097890835, orth_residual=9.774015110618e-02
    normal      = [-1.000000, 0, -1.000000, 0, -1.000000, 0, 0, -1.000000, -1.000000, 1.000000, 0, 1.000000, -1.000000, -1.000000, 0, 1.000000, -1.000000, -1.000000, 1.000000, 1.000000, 1.000000, 0, -1.000000, 0, 0, 1.000000]
    mean_vector = [0.170732, 0.024390, 0.170732, 0.024390, 0.170732, -0.024390, 0.024390, 0.170732, 0.170732, -0.170732, 0.024390, -0.170732, 0.170732, 0.170732, 0.024390, -0.170732, 0.170732, 0.170732, -0.219512, -0.170732, -0.170732, -0.024390, 0.170732, 0.024390, 0.024390, -0.219512]
    on_plane_indices = [0, 1, 2, 3, 4, 5, 6, 7, 8, 9, 12, 13, 16, 17, 18, 19, 21, 23, 24, 25, 26, 27, 29, 31, 32, 33, 36, 37, 38, 39, 40, 44, 46, 48, 49, 53, 55, 56, 58, 62, 63]
  rep3: vertices=41, parallel=False, cosine=-0.991097890835, orth_residual=9.774015110618e-02
    normal      = [-1.000000, 0, -1.000000, 0, -1.000000, 0, 0, -1.000000, 1.000000, -1.000000, 0, -1.000000, 1.000000, -1.000000, 0, -1.000000, -1.000000, 1.000000, 1.000000, 1.000000, -1.000000, 0, 1.000000, 0, 0, 1.000000]
    mean_vector = [0.170732, -0.024390, 0.170732, 0.024390, 0.170732, 0.024390, 0.024390, 0.170732, -0.170732, 0.170732, 0.024390, 0.170732, -0.170732, 0.170732, 0.024390, 0.170732, 0.170732, -0.170732, -0.219512, -0.170732, 0.170732, 0.024390, -0.170732, -0.024390, 0.024390, -0.219512]
    on_plane_indices = [0, 1, 2, 3, 4, 6, 8, 9, 10, 11, 12, 14, 16, 17, 18, 19, 20, 21, 22, 23, 24, 25, 28, 29, 32, 33, 36, 38, 41, 43, 46, 47, 48, 49, 52, 53, 54, 55, 57, 61, 63]

[class 30] all_reps_parallel=False
  rep1: vertices=27, parallel=False, cosine=-0.930481447674, orth_residual=3.937091041754e-01
    normal      = [-1.000000, -1.000000, -1.000000, -1.000000, -1.000000, -1.000000, 0, 1.000000, 1.000000, 0, 0, 1.000000, 1.000000, 0, 0, 1.000000, 1.000000, 0, 0, -2.000000, -2.000000, -1.000000, -2.000000, -1.000000, -1.000000, 3.000000]
    mean_vector = [0.037037, 0.111111, 0.037037, 0.111111, 0.037037, 0.111111, 0.111111, -0.111111, -0.111111, -0.037037, 0.111111, -0.111111, -0.111111, -0.037037, 0.111111, -0.111111, -0.111111, -0.037037, 0.037037, 0.407407, 0.407407, 0.185185, 0.407407, 0.185185, 0.185185, -0.629630]
    on_plane_indices = [0, 1, 4, 6, 9, 11, 14, 15, 16, 18, 21, 23, 24, 29, 33, 35, 36, 42, 43, 44, 46, 50, 51, 53, 56, 58, 60]
  rep2: vertices=27, parallel=False, cosine=-0.930481447674, orth_residual=3.937091041754e-01
    normal      = [-1.000000, -1.000000, -1.000000, -1.000000, -1.000000, -1.000000, 0, 1.000000, 1.000000, 0, 0, 1.000000, 1.000000, 0, 0, 1.000000, 1.000000, 0, 3.000000, -1.000000, -1.000000, -2.000000, -1.000000, -2.000000, -2.000000, 0]
    mean_vector = [0.111111, 0.037037, 0.111111, 0.037037, 0.111111, 0.037037, -0.037037, -0.111111, -0.111111, 0.111111, -0.037037, -0.111111, -0.111111, 0.111111, -0.037037, -0.111111, -0.111111, 0.111111, -0.629630, 0.185185, 0.185185, 0.407407, 0.185185, 0.407407, 0.407407, 0.037037]
    on_plane_indices = [0, 2, 6, 7, 8, 9, 13, 15, 18, 19, 21, 23, 24, 28, 29, 32, 33, 36, 42, 43, 46, 49, 51, 52, 53, 58, 60]
  rep3: vertices=27, parallel=False, cosine=-0.930481447674, orth_residual=3.937091041754e-01
    normal      = [-1.000000, -1.000000, -1.000000, -1.000000, -1.000000, -1.000000, 0, 1.000000, 1.000000, 0, 1.000000, 0, 0, 1.000000, 1.000000, 0, 0, 1.000000, -2.000000, -1.000000, -1.000000, 3.000000, 0, -2.000000, -2.000000, -1.000000]
    mean_vector = [0.037037, 0.111111, 0.037037, 0.111111, 0.111111, 0.037037, 0.111111, -0.111111, -0.111111, -0.037037, -0.111111, 0.111111, -0.037037, -0.111111, -0.111111, 0.111111, -0.037037, -0.111111, 0.407407, 0.185185, 0.185185, -0.629630, 0.037037, 0.407407, 0.407407, 0.185185]
    on_plane_indices = [0, 2, 4, 5, 10, 11, 13, 15, 16, 17, 22, 23, 24, 30, 34, 35, 36, 41, 43, 44, 45, 49, 51, 54, 56, 57, 60]

[class 31] all_reps_parallel=False
  rep1: vertices=29, parallel=False, cosine=-0.895528199733, orth_residual=4.494799358523e-01
    normal      = [-2.000000, 0, -2.000000, 0, -2.000000, 0, 1.000000, -1.000000, -1.000000, -1.000000, 1.000000, -1.000000, -1.000000, -1.000000, 1.000000, -1.000000, -1.000000, -1.000000, -2.000000, 1.000000, 1.000000, 2.000000, 1.000000, 2.000000, 2.000000, -1.000000]
    mean_vector = [0.172414, 0.034483, 0.172414, 0.034483, 0.172414, 0.034483, 0.034483, 0.172414, 0.172414, 0.172414, 0.034483, 0.172414, 0.172414, 0.172414, 0.034483, 0.172414, 0.172414, 0.172414, 0.310345, -0.103448, -0.103448, -0.379310, -0.103448, -0.379310, -0.379310, 0.310345]
    on_plane_indices = [0, 1, 2, 3, 4, 5, 8, 10, 12, 16, 17, 20, 22, 25, 27, 30, 31, 32, 34, 37, 39, 40, 45, 48, 54, 55, 57, 61, 63]
  rep2: vertices=29, parallel=False, cosine=-0.895528199733, orth_residual=4.494799358523e-01
    normal      = [-2.000000, 0, -2.000000, 0, -2.000000, 0, 1.000000, -1.000000, -1.000000, -1.000000, 1.000000, 1.000000, -1.000000, 1.000000, 1.000000, 1.000000, -1.000000, 1.000000, -2.000000, 1.000000, 1.000000, 2.000000, -1.000000, -2.000000, -2.000000, 1.000000]
    mean_vector = [0.172414, 0.034483, 0.172414, 0.034483, 0.172414, -0.034483, 0.034483, 0.172414, 0.172414, 0.172414, 0.034483, -0.172414, 0.172414, -0.172414, 0.034483, -0.172414, 0.172414, -0.172414, 0.310345, -0.103448, -0.103448, -0.379310, 0.103448, 0.379310, 0.379310, -0.310345]
    on_plane_indices = [0, 1, 2, 3, 4, 5, 9, 11, 13, 16, 17, 21, 23, 24, 26, 30, 31, 33, 35, 36, 38, 41, 44, 49, 54, 55, 56, 60, 62]
  rep3: vertices=29, parallel=False, cosine=-0.895528199733, orth_residual=4.494799358523e-01
    normal      = [-2.000000, 0, -2.000000, 0, -2.000000, 0, 1.000000, -1.000000, 1.000000, 1.000000, 1.000000, -1.000000, 1.000000, 1.000000, 1.000000, -1.000000, -1.000000, -1.000000, -2.000000, 1.000000, -1.000000, -2.000000, 1.000000, 2.000000, -2.000000, 1.000000]
    mean_vector = [0.172414, -0.034483, 0.172414, 0.034483, 0.172414, 0.034483, 0.034483, 0.172414, -0.172414, -0.172414, 0.034483, 0.172414, -0.172414, -0.172414, 0.034483, 0.172414, 0.172414, 0.172414, 0.310345, -0.103448, 0.103448, 0.379310, -0.103448, -0.379310, 0.379310, -0.310345]
    on_plane_indices = [0, 1, 4, 6, 9, 11, 14, 15, 16, 17, 18, 19, 20, 21, 24, 26, 28, 32, 38, 39, 41, 45, 47, 48, 50, 53, 55, 56, 61]

[class 32] all_reps_parallel=True
  rep1: vertices=32, parallel=True, cosine=-1.000000000000, orth_residual=0.000000000000e+00
    normal      = [-1.000000, -1.000000, 0, 0, 0, 0, -1.000000, 0, -1.000000, 0, -1.000000, 0, -1.000000, 0, 0, 0, 0, 0, 1.000000, 0, 1.000000, 0, 0, -2.000000, 0, 2.000000]
    mean_vector = [0.250000, 0.250000, 0, 0, 0, 0, 0.250000, 0, 0.250000, 0, 0.250000, 0, 0.250000, 0, 0, 0, 0, 0, -0.250000, 0, -0.250000, 0, 0, 0.500000, 0, -0.500000]
    on_plane_indices = [0, 1, 2, 3, 4, 5, 6, 7, 8, 9, 12, 13, 16, 18, 21, 23, 24, 26, 29, 31, 33, 35, 36, 38, 41, 43, 44, 46, 58, 59, 62, 63]
  rep2: vertices=32, parallel=True, cosine=-1.000000000000, orth_residual=0.000000000000e+00
    normal      = [-1.000000, -1.000000, 0, 0, 0, 0, -1.000000, 0, -1.000000, 0, -1.000000, 0, -1.000000, 0, 0, 0, 0, 0, 1.000000, 0, 1.000000, 0, 0, 2.000000, 0, -2.000000]
    mean_vector = [0.250000, 0.250000, 0, 0, 0, 0, 0.250000, 0, 0.250000, 0, 0.250000, 0, 0.250000, 0, 0, 0, 0, 0, -0.250000, 0, -0.250000, 0, 0, -0.500000, 0, 0.500000]
    on_plane_indices = [0, 1, 2, 3, 4, 5, 6, 7, 8, 9, 12, 13, 17, 19, 20, 22, 25, 27, 28, 30, 32, 34, 37, 39, 40, 42, 45, 47, 58, 59, 62, 63]
  rep3: vertices=32, parallel=True, cosine=-1.000000000000, orth_residual=0.000000000000e+00
    normal      = [-1.000000, -1.000000, 0, 0, 0, 0, -1.000000, 0, -1.000000, 0, 0, -1.000000, 0, -1.000000, 0, 0, 0, 0, 0, -2.000000, 0, 2.000000, 1.000000, 0, 1.000000, 0]
    mean_vector = [0.250000, 0.250000, 0, 0, 0, 0, 0.250000, 0, 0.250000, 0, 0, 0.250000, 0, 0.250000, 0, 0, 0, 0, 0, 0.500000, 0, -0.500000, -0.250000, 0, -0.250000, 0]
    on_plane_indices = [0, 1, 2, 3, 4, 5, 6, 7, 8, 10, 12, 14, 16, 17, 22, 23, 24, 25, 30, 31, 34, 35, 36, 37, 42, 43, 44, 45, 57, 59, 61, 63]

[class 33] all_reps_parallel=False
  rep1: vertices=28, parallel=False, cosine=-0.868243142124, orth_residual=5.111012520000e-01
    normal      = [-1.000000, -1.000000, -1.000000, -1.000000, 0, 0, 1.000000, 1.000000, 1.000000, 1.000000, -1.000000, 0, 1.000000, 0, 0, -1.000000, 0, 1.000000, 1.000000, 1.000000, -1.000000, -1.000000, 1.000000, -1.000000, 1.000000, -1.000000]
    mean_vector = [0, 0, 0, 0, 0, 0, -0.285714, -0.285714, -0.285714, -0.285714, 0.142857, 0, -0.142857, 0, 0, 0.142857, 0, -0.142857, -0.285714, -0.285714, 0.285714, 0.285714, -0.285714, 0.285714, -0.285714, 0.285714]
    on_plane_indices = [5, 7, 8, 10, 12, 13, 14, 15, 18, 19, 20, 25, 28, 29, 32, 33, 38, 43, 46, 47, 48, 49, 50, 51, 52, 54, 57, 59]
  rep2: vertices=28, parallel=False, cosine=-0.868243142124, orth_residual=5.111012520000e-01
    normal      = [-1.000000, -1.000000, -1.000000, -1.000000, 0, 0, 1.000000, 1.000000, 1.000000, 1.000000, -1.000000, 0, 1.000000, 0, 0, 1.000000, 0, -1.000000, 1.000000, 1.000000, -1.000000, -1.000000, -1.000000, 1.000000, -1.000000, 1.000000]
    mean_vector = [0, 0, 0, 0, 0, 0, -0.285714, -0.285714, -0.285714, -0.285714, 0.142857, 0, -0.142857, 0, 0, -0.142857, 0, 0.142857, -0.285714, -0.285714, 0.285714, 0.285714, 0.285714, -0.285714, 0.285714, -0.285714]
    on_plane_indices = [4, 6, 9, 11, 12, 13, 14, 15, 18, 19, 21, 24, 28, 29, 32, 33, 39, 42, 46, 47, 48, 49, 50, 51, 53, 55, 56, 58]
  rep3: vertices=28, parallel=False, cosine=-0.868243142124, orth_residual=5.111012520000e-01
    normal      = [-1.000000, -1.000000, -1.000000, -1.000000, 0, 0, 1.000000, 1.000000, 1.000000, 1.000000, 0, -1.000000, 0, 1.000000, -1.000000, 0, 1.000000, 0, 1.000000, -1.000000, 1.000000, -1.000000, 1.000000, 1.000000, -1.000000, -1.000000]
    mean_vector = [0, 0, 0, 0, 0, 0, -0.285714, -0.285714, -0.285714, -0.285714, 0, 0.142857, 0, -0.142857, 0.142857, 0, -0.142857, 0, -0.285714, 0.285714, -0.285714, 0.285714, -0.285714, -0.285714, 0.285714, 0.285714]
    on_plane_indices = [6, 7, 8, 9, 12, 13, 14, 15, 17, 19, 20, 26, 28, 30, 32, 34, 37, 43, 45, 47, 48, 49, 50, 51, 52, 53, 58, 59]

[class 34] all_reps_parallel=False
  rep1: vertices=34, parallel=False, cosine=-0.989778266557, orth_residual=1.288758958836e-01
    normal      = [0, 0, 0, 0, 0, 0, -2.000000, 0, 0, -2.000000, -1.000000, -1.000000, -1.000000, -1.000000, 1.000000, 1.000000, 1.000000, 1.000000, 0, -1.000000, 1.000000, 0, 0, 1.000000, -1.000000, 0]
    mean_vector = [0, 0, 0, 0, 0, 0, 0.411765, -0.058824, -0.058824, 0.411765, 0.176471, 0.176471, 0.176471, 0.176471, -0.176471, -0.176471, -0.176471, -0.176471, 0, 0.235294, -0.235294, 0, 0, -0.235294, 0.235294, 0]
    on_plane_indices = [0, 1, 2, 3, 4, 6, 8, 9, 12, 17, 19, 20, 21, 22, 23, 28, 30, 34, 35, 40, 41, 42, 43, 44, 45, 51, 53, 55, 58, 59, 60, 61, 62, 63]
  rep2: vertices=34, parallel=False, cosine=-0.989778266557, orth_residual=1.288758958836e-01
    normal      = [0, 0, 0, 0, 0, 0, -2.000000, 0, 0, -2.000000, -1.000000, -1.000000, -1.000000, -1.000000, 1.000000, 1.000000, 1.000000, 1.000000, 0, 1.000000, -1.000000, 0, 0, -1.000000, 1.000000, 0]
    mean_vector = [0, 0, 0, 0, 0, 0, 0.411765, -0.058824, -0.058824, 0.411765, 0.176471, 0.176471, 0.176471, 0.176471, -0.176471, -0.176471, -0.176471, -0.176471, 0, -0.235294, 0.235294, 0, 0, 0.235294, -0.235294, 0]
    on_plane_indices = [0, 1, 2, 3, 4, 5, 8, 10, 12, 18, 19, 20, 21, 22, 23, 28, 29, 33, 35, 40, 41, 42, 43, 44, 46, 51, 54, 55, 57, 59, 60, 61, 62, 63]
  rep3: vertices=34, parallel=False, cosine=-0.989778266557, orth_residual=1.288758958836e-01
    normal      = [0, 0, 0, 0, 0, 0, -2.000000, 0, 0, -2.000000, -1.000000, -1.000000, 1.000000, 1.000000, 1.000000, 1.000000, -1.000000, -1.000000, 0, -1.000000, 1.000000, 0, 0, 1.000000, -1.000000, 0]
    mean_vector = [0, 0, 0, 0, 0, 0, 0.411765, 0.058824, 0.058824, 0.411765, 0.176471, 0.176471, -0.176471, -0.176471, -0.176471, -0.176471, 0.176471, 0.176471, 0, 0.235294, -0.235294, 0, 0, -0.235294, 0.235294, 0]
    on_plane_indices = [0, 1, 2, 3, 6, 7, 8, 9, 16, 17, 20, 21, 22, 23, 24, 28, 30, 34, 35, 39, 40, 41, 42, 43, 45, 47, 53, 55, 56, 58, 60, 61, 62, 63]

[class 35] all_reps_parallel=True
  rep1: vertices=32, parallel=True, cosine=-1.000000000000, orth_residual=0.000000000000e+00
    normal      = [0, 0, 0, 0, 0, 0, -1.000000, -1.000000, -1.000000, -1.000000, 0, 0, 0, 0, 0, 0, 0, 0, -2.000000, 0, 0, 2.000000, -1.000000, 1.000000, 1.000000, -1.000000]
    mean_vector = [0, 0, 0, 0, 0, 0, 0.250000, 0.250000, 0.250000, 0.250000, 0, 0, 0, 0, 0, 0, 0, 0, 0.500000, 0, 0, -0.500000, 0.250000, -0.250000, -0.250000, 0.250000]
    on_plane_indices = [0, 1, 2, 3, 4, 5, 10, 11, 16, 17, 20, 22, 25, 27, 30, 31, 34, 35, 37, 39, 40, 42, 44, 45, 54, 55, 56, 57, 60, 61, 62, 63]
  rep2: vertices=32, parallel=True, cosine=-1.000000000000, orth_residual=0.000000000000e+00
    normal      = [0, 0, 0, 0, 0, 0, -1.000000, -1.000000, -1.000000, -1.000000, 0, 0, 0, 0, 0, 0, 0, 0, -2.000000, 0, 0, 2.000000, 1.000000, -1.000000, -1.000000, 1.000000]
    mean_vector = [0, 0, 0, 0, 0, 0, 0.250000, 0.250000, 0.250000, 0.250000, 0, 0, 0, 0, 0, 0, 0, 0, 0.500000, 0, 0, -0.500000, -0.250000, 0.250000, 0.250000, -0.250000]
    on_plane_indices = [0, 1, 2, 3, 4, 5, 10, 11, 16, 17, 21, 23, 24, 26, 30, 31, 34, 35, 36, 38, 41, 43, 44, 45, 54, 55, 56, 57, 60, 61, 62, 63]
  rep3: vertices=32, parallel=True, cosine=-1.000000000000, orth_residual=0.000000000000e+00
    normal      = [0, 0, 0, 0, 0, 0, -1.000000, -1.000000, -1.000000, -1.000000, 0, 0, 0, 0, 0, 0, 0, 0, -1.000000, 1.000000, 1.000000, -1.000000, -2.000000, 0, 0, 2.000000]
    mean_vector = [0, 0, 0, 0, 0, 0, 0.250000, 0.250000, 0.250000, 0.250000, 0, 0, 0, 0, 0, 0, 0, 0, 0.250000, -0.250000, -0.250000, 0.250000, 0.500000, 0, 0, -0.500000]
    on_plane_indices = [0, 1, 2, 3, 4, 6, 9, 11, 16, 18, 20, 21, 26, 27, 29, 31, 33, 35, 38, 39, 40, 41, 44, 46, 53, 55, 56, 58, 60, 61, 62, 63]

[class 36] all_reps_parallel=True
  rep1: vertices=32, parallel=True, cosine=-1.000000000000, orth_residual=0.000000000000e+00
    normal      = [0, 0, 0, 0, 0, 0, -2.000000, -2.000000, 0, 0, 0, 0, 0, 0, -1.000000, -1.000000, 1.000000, 1.000000, 0, 0, -1.000000, 1.000000, 0, 0, 1.000000, -1.000000]
    mean_vector = [0, 0, 0, 0, 0, 0, 0.500000, 0.500000, 0, 0, 0, 0, 0, 0, 0.250000, 0.250000, -0.250000, -0.250000, 0, 0, 0.250000, -0.250000, 0, 0, -0.250000, 0.250000]
    on_plane_indices = [0, 1, 2, 3, 4, 5, 10, 11, 16, 17, 18, 19, 20, 22, 25, 27, 36, 37, 42, 43, 44, 45, 46, 47, 52, 54, 57, 59, 60, 61, 62, 63]
  rep2: vertices=32, parallel=True, cosine=-1.000000000000, orth_residual=0.000000000000e+00
    normal      = [0, 0, 0, 0, 0, 0, -2.000000, -2.000000, 0, 0, 0, 0, 0, 0, -1.000000, -1.000000, 1.000000, 1.000000, 0, 0, 1.000000, -1.000000, 0, 0, -1.000000, 1.000000]
    mean_vector = [0, 0, 0, 0, 0, 0, 0.500000, 0.500000, 0, 0, 0, 0, 0, 0, 0.250000, 0.250000, -0.250000, -0.250000, 0, 0, -0.250000, 0.250000, 0, 0, 0.250000, -0.250000]
    on_plane_indices = [0, 1, 2, 3, 4, 6, 9, 11, 16, 17, 18, 19, 20, 21, 26, 27, 36, 38, 41, 43, 44, 45, 46, 47, 52, 53, 58, 59, 60, 61, 62, 63]
  rep3: vertices=32, parallel=True, cosine=-1.000000000000, orth_residual=0.000000000000e+00
    normal      = [0, 0, 0, 0, 0, 0, -2.000000, -2.000000, 0, 0, 0, 0, 0, 0, -1.000000, 1.000000, 1.000000, -1.000000, 0, 0, -1.000000, 1.000000, 0, 0, -1.000000, 1.000000]
    mean_vector = [0, 0, 0, 0, 0, 0, 0.500000, 0.500000, 0, 0, 0, 0, 0, 0, 0.250000, -0.250000, -0.250000, 0.250000, 0, 0, 0.250000, -0.250000, 0, 0, 0.250000, -0.250000]
    on_plane_indices = [0, 1, 2, 3, 4, 5, 10, 11, 16, 17, 18, 19, 21, 23, 24, 26, 36, 37, 42, 43, 44, 45, 46, 47, 53, 55, 56, 58, 60, 61, 62, 63]

[class 37] all_reps_parallel=True
  rep1: vertices=32, parallel=True, cosine=-1.000000000000, orth_residual=0.000000000000e+00
    normal      = [0, 0, 0, 0, 0, 0, -2.000000, -2.000000, 0, 0, 0, 0, 0, 0, 0, 0, 0, 0, -1.000000, 1.000000, -1.000000, 1.000000, -1.000000, 1.000000, 1.000000, -1.000000]
    mean_vector = [0, 0, 0, 0, 0, 0, 0.500000, 0.500000, 0, 0, 0, 0, 0, 0, 0, 0, 0, 0, 0.250000, -0.250000, 0.250000, -0.250000, 0.250000, -0.250000, -0.250000, 0.250000]
    on_plane_indices = [0, 1, 2, 3, 4, 5, 10, 11, 16, 17, 18, 19, 20, 22, 25, 27, 37, 39, 40, 42, 44, 45, 46, 47, 54, 55, 56, 57, 60, 61, 62, 63]
  rep2: vertices=32, parallel=True, cosine=-1.000000000000, orth_residual=0.000000000000e+00
    normal      = [0, 0, 0, 0, 0, 0, -2.000000, -2.000000, 0, 0, 0, 0, 0, 0, 0, 0, 0, 0, -1.000000, 1.000000, -1.000000, 1.000000, 1.000000, -1.000000, -1.000000, 1.000000]
    mean_vector = [0, 0, 0, 0, 0, 0, 0.500000, 0.500000, 0, 0, 0, 0, 0, 0, 0, 0, 0, 0, 0.250000, -0.250000, 0.250000, -0.250000, -0.250000, 0.250000, 0.250000, -0.250000]
    on_plane_indices = [0, 1, 2, 3, 4, 5, 10, 11, 16, 17, 18, 19, 21, 23, 24, 26, 36, 38, 41, 43, 44, 45, 46, 47, 54, 55, 56, 57, 60, 61, 62, 63]
  rep3: vertices=32, parallel=True, cosine=-1.000000000000, orth_residual=0.000000000000e+00
    normal      = [0, 0, 0, 0, 0, 0, -2.000000, -2.000000, 0, 0, 0, 0, 0, 0, 0, 0, 0, 0, -1.000000, 1.000000, 1.000000, -1.000000, -1.000000, 1.000000, -1.000000, 1.000000]
    mean_vector = [0, 0, 0, 0, 0, 0, 0.500000, 0.500000, 0, 0, 0, 0, 0, 0, 0, 0, 0, 0, 0.250000, -0.250000, -0.250000, 0.250000, 0.250000, -0.250000, 0.250000, -0.250000]
    on_plane_indices = [0, 1, 2, 3, 4, 6, 9, 11, 16, 17, 18, 19, 20, 21, 26, 27, 38, 39, 40, 41, 44, 45, 46, 47, 53, 55, 56, 58, 60, 61, 62, 63]

[class 38] all_reps_parallel=False
  rep1: vertices=32, parallel=False, cosine=-0.968718959393, orth_residual=2.300508358967e-01
    normal      = [-1.000000, 0, -1.000000, 0, -1.000000, 0, -1.000000, 0, 0, -2.000000, -1.000000, 0, 0, -2.000000, -1.000000, 0, 0, 2.000000, 1.000000, 0, 0, 2.000000, 0, -2.000000, 2.000000, 0]
    mean_vector = [0.125000, 0, 0.125000, 0, 0.125000, 0, 0.250000, 0, 0, 0.250000, 0.250000, 0, 0, 0.250000, 0.250000, 0, 0, -0.250000, -0.125000, 0, 0, -0.375000, 0, 0.375000, -0.375000, 0]
    on_plane_indices = [0, 1, 2, 3, 4, 5, 8, 10, 12, 16, 17, 20, 21, 22, 23, 25, 29, 31, 33, 35, 36, 42, 43, 44, 46, 49, 52, 54, 57, 59, 62, 63]
  rep2: vertices=32, parallel=False, cosine=-0.968718959393, orth_residual=2.300508358967e-01
    normal      = [-1.000000, 0, -1.000000, 0, -1.000000, 0, -1.000000, 0, 0, -2.000000, -1.000000, 0, 0, 2.000000, -1.000000, 0, 0, -2.000000, 1.000000, 0, 0, 2.000000, 0, 2.000000, -2.000000, 0]
    mean_vector = [0.125000, 0, 0.125000, 0, 0.125000, 0, 0.250000, 0, 0, 0.250000, 0.250000, 0, 0, -0.250000, 0.250000, 0, 0, 0.250000, -0.125000, 0, 0, -0.375000, 0, -0.375000, 0.375000, 0]
    on_plane_indices = [0, 1, 2, 3, 4, 5, 9, 11, 13, 16, 17, 20, 21, 22, 23, 24, 28, 30, 32, 34, 37, 42, 43, 45, 47, 48, 53, 55, 56, 58, 62, 63]
  rep3: vertices=32, parallel=False, cosine=-0.968718959393, orth_residual=2.300508358967e-01
    normal      = [-1.000000, 0, -1.000000, 0, -1.000000, 0, -1.000000, 0, 0, 2.000000, -1.000000, 0, 0, -2.000000, -1.000000, 0, 0, -2.000000, 1.000000, 0, 0, -2.000000, 0, 2.000000, 2.000000, 0]
    mean_vector = [0.125000, 0, 0.125000, 0, 0.125000, 0, 0.250000, 0, 0, -0.250000, 0.250000, 0, 0, 0.250000, 0.250000, 0, 0, 0.250000, -0.125000, 0, 0, 0.375000, 0, -0.375000, -0.375000, 0]
    on_plane_indices = [0, 1, 4, 5, 6, 7, 8, 12, 14, 16, 17, 18, 19, 20, 21, 25, 27, 29, 32, 37, 39, 40, 42, 46, 47, 48, 50, 53, 58, 59, 61, 63]

[class 39] all_reps_parallel=False
  rep1: vertices=36, parallel=False, cosine=-0.981980506062, orth_residual=1.571348402637e-01
    normal      = [0, 0, 0, 0, 0, 0, -2.000000, -2.000000, 0, 0, -2.000000, -2.000000, 0, 0, 1.000000, 1.000000, 1.000000, 1.000000, 0, 0, -1.000000, 1.000000, 0, 0, 1.000000, -1.000000]
    mean_vector = [0, 0, 0, 0, 0, 0, 0.333333, 0.333333, 0, 0, 0.333333, 0.333333, 0, 0, -0.111111, -0.111111, -0.111111, -0.111111, 0, 0, 0.222222, -0.222222, 0, 0, -0.222222, 0.222222]
    on_plane_indices = [0, 1, 2, 3, 4, 5, 8, 10, 12, 16, 17, 18, 19, 20, 22, 24, 25, 28, 35, 37, 39, 42, 43, 44, 45, 46, 47, 51, 54, 55, 57, 59, 60, 61, 62, 63]
  rep2: vertices=36, parallel=False, cosine=-0.981980506062, orth_residual=1.571348402637e-01
    normal      = [0, 0, 0, 0, 0, 0, -2.000000, -2.000000, 0, 0, -2.000000, -2.000000, 0, 0, 1.000000, 1.000000, 1.000000, 1.000000, 0, 0, 1.000000, -1.000000, 0, 0, -1.000000, 1.000000]
    mean_vector = [0, 0, 0, 0, 0, 0, 0.333333, 0.333333, 0, 0, 0.333333, 0.333333, 0, 0, -0.111111, -0.111111, -0.111111, -0.111111, 0, 0, -0.222222, 0.222222, 0, 0, 0.222222, -0.222222]
    on_plane_indices = [0, 1, 2, 3, 4, 6, 8, 9, 12, 16, 17, 18, 19, 20, 21, 24, 26, 28, 35, 38, 39, 41, 43, 44, 45, 46, 47, 51, 53, 55, 58, 59, 60, 61, 62, 63]
  rep3: vertices=36, parallel=False, cosine=-0.981980506062, orth_residual=1.571348402637e-01
    normal      = [0, 0, 0, 0, 0, 0, -2.000000, -2.000000, 0, 0, -2.000000, 2.000000, 0, 0, 1.000000, -1.000000, 1.000000, -1.000000, 0, 0, -1.000000, 1.000000, 0, 0, -1.000000, 1.000000]
    mean_vector = [0, 0, 0, 0, 0, 0, 0.333333, 0.333333, 0, 0, 0.333333, -0.333333, 0, 0, -0.111111, 0.111111, -0.111111, 0.111111, 0, 0, 0.222222, -0.222222, 0, 0, 0.222222, -0.222222]
    on_plane_indices = [0, 1, 2, 3, 4, 5, 9, 11, 13, 16, 17, 18, 19, 21, 23, 24, 25, 29, 34, 36, 38, 42, 43, 44, 45, 46, 47, 50, 54, 55, 56, 58, 60, 61, 62, 63]

[class 40] all_reps_parallel=True
  rep1: vertices=32, parallel=True, cosine=-1.000000000000, orth_residual=0.000000000000e+00
    normal      = [0, 0, 0, 0, 0, 0, -2.000000, 0, 0, -2.000000, 0, 0, 0, 0, 0, 0, 0, 0, -1.000000, -1.000000, 1.000000, 1.000000, -1.000000, 1.000000, -1.000000, 1.000000]
    mean_vector = [0, 0, 0, 0, 0, 0, 0.500000, 0, 0, 0.500000, 0, 0, 0, 0, 0, 0, 0, 0, 0.250000, 0.250000, -0.250000, -0.250000, 0.250000, -0.250000, 0.250000, -0.250000]
    on_plane_indices = [0, 1, 2, 3, 4, 6, 9, 11, 16, 17, 20, 21, 22, 23, 30, 31, 34, 35, 40, 41, 42, 43, 44, 45, 53, 55, 56, 58, 60, 61, 62, 63]
  rep2: vertices=32, parallel=True, cosine=-1.000000000000, orth_residual=0.000000000000e+00
    normal      = [0, 0, 0, 0, 0, 0, -2.000000, 0, 0, -2.000000, 0, 0, 0, 0, 0, 0, 0, 0, -1.000000, -1.000000, 1.000000, 1.000000, 1.000000, -1.000000, 1.000000, -1.000000]
    mean_vector = [0, 0, 0, 0, 0, 0, 0.500000, 0, 0, 0.500000, 0, 0, 0, 0, 0, 0, 0, 0, 0.250000, 0.250000, -0.250000, -0.250000, -0.250000, 0.250000, -0.250000, 0.250000]
    on_plane_indices = [0, 1, 2, 3, 5, 7, 8, 10, 16, 17, 20, 21, 22, 23, 30, 31, 34, 35, 40, 41, 42, 43, 44, 45, 52, 54, 57, 59, 60, 61, 62, 63]
  rep3: vertices=32, parallel=True, cosine=-1.000000000000, orth_residual=0.000000000000e+00
    normal      = [0, 0, 0, 0, 0, 0, -2.000000, 0, 0, -2.000000, 0, 0, 0, 0, 0, 0, 0, 0, -1.000000, 1.000000, -1.000000, 1.000000, -1.000000, -1.000000, 1.000000, 1.000000]
    mean_vector = [0, 0, 0, 0, 0, 0, 0.500000, 0, 0, 0.500000, 0, 0, 0, 0, 0, 0, 0, 0, 0.250000, -0.250000, 0.250000, -0.250000, 0.250000, 0.250000, -0.250000, -0.250000]
    on_plane_indices = [0, 1, 2, 3, 4, 5, 10, 11, 16, 18, 20, 21, 22, 23, 29, 31, 33, 35, 40, 41, 42, 43, 44, 46, 54, 55, 56, 57, 60, 61, 62, 63]

[class 41] all_reps_parallel=True
  rep1: vertices=32, parallel=True, cosine=-1.000000000000, orth_residual=0.000000000000e+00
    normal      = [0, 0, 0, 0, 0, 0, -1.000000, -1.000000, -1.000000, -1.000000, -1.000000, -1.000000, 1.000000, 1.000000, -1.000000, 1.000000, 1.000000, -1.000000, -1.000000, 0, 0, 1.000000, 0, 1.000000, -1.000000, 0]
    mean_vector = [0, 0, 0, 0, 0, 0, 0.250000, 0.250000, 0.250000, 0.250000, 0.250000, 0.250000, -0.250000, -0.250000, 0.250000, -0.250000, -0.250000, 0.250000, 0.250000, 0, 0, -0.250000, 0, -0.250000, 0.250000, 0]
    on_plane_indices = [0, 1, 2, 3, 4, 5, 10, 11, 16, 17, 20, 21, 24, 26, 28, 30, 34, 35, 37, 39, 42, 43, 45, 47, 53, 55, 56, 58, 60, 61, 62, 63]
  rep2: vertices=32, parallel=True, cosine=-1.000000000000, orth_residual=0.000000000000e+00
    normal      = [0, 0, 0, 0, 0, 0, -1.000000, -1.000000, -1.000000, -1.000000, -1.000000, -1.000000, 1.000000, 1.000000, -1.000000, 1.000000, 1.000000, -1.000000, 1.000000, 0, 0, -1.000000, 0, -1.000000, 1.000000, 0]
    mean_vector = [0, 0, 0, 0, 0, 0, 0.250000, 0.250000, 0.250000, 0.250000, 0.250000, 0.250000, -0.250000, -0.250000, 0.250000, -0.250000, -0.250000, 0.250000, -0.250000, 0, 0, 0.250000, 0, 0.250000, -0.250000, 0]
    on_plane_indices = [0, 1, 2, 3, 5, 7, 8, 10, 16, 18, 20, 21, 24, 26, 28, 29, 33, 35, 37, 39, 42, 43, 46, 47, 52, 53, 58, 59, 60, 61, 62, 63]
  rep3: vertices=32, parallel=True, cosine=-1.000000000000, orth_residual=0.000000000000e+00
    normal      = [0, 0, 0, 0, 0, 0, -1.000000, -1.000000, -1.000000, -1.000000, -1.000000, -1.000000, 1.000000, 1.000000, 1.000000, -1.000000, -1.000000, 1.000000, 0, -1.000000, 1.000000, 0, 1.000000, 0, 0, -1.000000]
    mean_vector = [0, 0, 0, 0, 0, 0, 0.250000, 0.250000, 0.250000, 0.250000, 0.250000, 0.250000, -0.250000, -0.250000, -0.250000, 0.250000, 0.250000, -0.250000, 0, 0.250000, -0.250000, 0, -0.250000, 0, 0, 0.250000]
    on_plane_indices = [0, 1, 2, 3, 6, 7, 8, 9, 16, 17, 20, 22, 24, 25, 28, 30, 34, 35, 38, 39, 41, 43, 45, 47, 52, 54, 57, 59, 60, 61, 62, 63]

[class 42] all_reps_parallel=True
  rep1: vertices=32, parallel=True, cosine=-1.000000000000, orth_residual=0.000000000000e+00
    normal      = [0, 0, 0, 0, 0, 0, 0, 0, 0, 0, 0, 0, 0, 0, 0, 0, 0, 0, -3.000000, -1.000000, -1.000000, 1.000000, -1.000000, 1.000000, 1.000000, -1.000000]
    mean_vector = [0, 0, 0, 0, 0, 0, 0, 0, 0, 0, 0, 0, 0, 0, 0, 0, 0, 0, 0.750000, 0.250000, 0.250000, -0.250000, 0.250000, -0.250000, -0.250000, 0.250000]
    on_plane_indices = [0, 1, 4, 5, 10, 11, 14, 15, 16, 17, 20, 22, 25, 27, 30, 31, 34, 35, 37, 39, 40, 42, 44, 45, 50, 51, 54, 55, 56, 57, 60, 61]
  rep2: vertices=32, parallel=True, cosine=-1.000000000000, orth_residual=0.000000000000e+00
    normal      = [0, 0, 0, 0, 0, 0, 0, 0, 0, 0, 0, 0, 0, 0, 0, 0, 0, 0, -3.000000, -1.000000, -1.000000, 1.000000, 1.000000, -1.000000, -1.000000, 1.000000]
    mean_vector = [0, 0, 0, 0, 0, 0, 0, 0, 0, 0, 0, 0, 0, 0, 0, 0, 0, 0, 0.750000, 0.250000, 0.250000, -0.250000, -0.250000, 0.250000, 0.250000, -0.250000]
    on_plane_indices = [0, 1, 4, 5, 10, 11, 14, 15, 16, 17, 21, 23, 24, 26, 30, 31, 34, 35, 36, 38, 41, 43, 44, 45, 50, 51, 54, 55, 56, 57, 60, 61]
  rep3: vertices=32, parallel=True, cosine=-1.000000000000, orth_residual=0.000000000000e+00
    normal      = [0, 0, 0, 0, 0, 0, 0, 0, 0, 0, 0, 0, 0, 0, 0, 0, 0, 0, -3.000000, -1.000000, 1.000000, -1.000000, -1.000000, 1.000000, -1.000000, 1.000000]
    mean_vector = [0, 0, 0, 0, 0, 0, 0, 0, 0, 0, 0, 0, 0, 0, 0, 0, 0, 0, 0.750000, 0.250000, -0.250000, 0.250000, 0.250000, -0.250000, 0.250000, -0.250000]
    on_plane_indices = [0, 1, 4, 6, 9, 11, 14, 15, 16, 17, 20, 21, 26, 27, 30, 31, 34, 35, 38, 39, 40, 41, 44, 45, 50, 51, 53, 55, 56, 58, 60, 61]

[class 43] all_reps_parallel=True
  rep1: vertices=48, parallel=True, cosine=-1.000000000000, orth_residual=1.922962686384e-16
    normal      = [-2.000000, 0, 0, 0, 0, 0, 0, 0, 0, 0, 0, 0, 0, 0, -1.000000, -1.000000, -1.000000, 1.000000, 1.000000, 1.000000, 0, 0, 1.000000, -1.000000, 0, 0]
    mean_vector = [0.333333, 0, 0, 0, 0, 0, 0, 0, 0, 0, 0, 0, 0, 0, 0.166667, 0.166667, 0.166667, -0.166667, -0.166667, -0.166667, 0, 0, -0.166667, 0.166667, 0, 0]
    on_plane_indices = [0, 1, 2, 3, 4, 5, 6, 7, 8, 9, 10, 11, 12, 13, 14, 15, 16, 17, 18, 19, 20, 21, 22, 23, 24, 25, 26, 27, 28, 29, 30, 31, 32, 33, 36, 38, 41, 43, 46, 47, 48, 49, 52, 54, 57, 59, 62, 63]
  rep2: vertices=48, parallel=True, cosine=-1.000000000000, orth_residual=1.922962686384e-16
    normal      = [-2.000000, 0, 0, 0, 0, 0, 0, 0, 0, 0, 0, 0, 0, 0, -1.000000, -1.000000, 1.000000, -1.000000, 1.000000, -1.000000, 0, 0, 1.000000, 1.000000, 0, 0]
    mean_vector = [0.333333, 0, 0, 0, 0, 0, 0, 0, 0, 0, 0, 0, 0, 0, 0.166667, 0.166667, -0.166667, 0.166667, -0.166667, 0.166667, 0, 0, -0.166667, -0.166667, 0, 0]
    on_plane_indices = [0, 1, 2, 3, 4, 5, 6, 7, 8, 9, 10, 11, 12, 13, 14, 15, 16, 17, 18, 19, 20, 21, 22, 23, 24, 25, 26, 27, 28, 29, 30, 31, 32, 34, 36, 37, 42, 43, 45, 47, 48, 50, 52, 53, 58, 59, 61, 63]
  rep3: vertices=48, parallel=True, cosine=-1.000000000000, orth_residual=1.922962686384e-16
    normal      = [-2.000000, 0, 0, 0, 0, 0, 0, 0, 0, 0, 0, 0, 0, 0, -1.000000, 1.000000, -1.000000, -1.000000, 1.000000, 1.000000, 0, 0, -1.000000, 1.000000, 0, 0]
    mean_vector = [0.333333, 0, 0, 0, 0, 0, 0, 0, 0, 0, 0, 0, 0, 0, 0.166667, -0.166667, 0.166667, 0.166667, -0.166667, -0.166667, 0, 0, 0.166667, -0.166667, 0, 0]
    on_plane_indices = [0, 1, 2, 3, 4, 5, 6, 7, 8, 9, 10, 11, 12, 13, 14, 15, 16, 17, 18, 19, 20, 21, 22, 23, 24, 25, 26, 27, 28, 29, 30, 31, 32, 33, 37, 39, 40, 42, 46, 47, 48, 49, 53, 55, 56, 58, 62, 63]

[class 44] all_reps_parallel=True
  rep1: vertices=56, parallel=True, cosine=-1.000000000000, orth_residual=7.343435057440e-17
    normal      = [-1.000000, 0, -1.000000, 0, -1.000000, 0, 1.000000, 0, 0, 0, 1.000000, 0, 0, 0, 1.000000, 0, 0, 0, -1.000000, 0, 0, 0, 0, 0, 0, 0]
    mean_vector = [0.142857, 0, 0.142857, 0, 0.142857, 0, -0.142857, 0, 0, 0, -0.142857, 0, 0, 0, -0.142857, 0, 0, 0, 0.142857, 0, 0, 0, 0, 0, 0, 0]
    on_plane_indices = [0, 1, 2, 3, 4, 5, 6, 7, 8, 9, 10, 11, 12, 13, 14, 15, 16, 17, 18, 19, 20, 21, 22, 23, 24, 25, 26, 27, 28, 29, 30, 31, 32, 33, 34, 35, 36, 37, 38, 39, 40, 41, 44, 45, 48, 49, 50, 51, 52, 53, 54, 55, 56, 57, 60, 61]
  rep2: vertices=56, parallel=True, cosine=-1.000000000000, orth_residual=7.343435057440e-17
    normal      = [-1.000000, 0, -1.000000, 0, 0, -1.000000, 1.000000, 0, 0, 0, 0, 1.000000, 0, 0, 0, 1.000000, 0, 0, 0, 0, 0, 0, -1.000000, 0, 0, 0]
    mean_vector = [0.142857, 0, 0.142857, 0, 0, 0.142857, -0.142857, 0, 0, 0, 0, -0.142857, 0, 0, 0, -0.142857, 0, 0, 0, 0, 0, 0, 0.142857, 0, 0, 0]
    on_plane_indices = [0, 1, 2, 3, 4, 5, 6, 7, 8, 9, 10, 11, 12, 13, 14, 15, 16, 17, 18, 19, 20, 21, 22, 23, 24, 25, 26, 27, 28, 29, 30, 31, 32, 33, 34, 35, 36, 37, 38, 39, 40, 42, 44, 46, 48, 49, 50, 51, 52, 53, 54, 55, 56, 58, 60, 62]
  rep3: vertices=56, parallel=True, cosine=-1.000000000000, orth_residual=7.343435057440e-17
    normal      = [-1.000000, 0, -1.000000, 0, 0, 1.000000, 1.000000, 0, 0, 0, 0, -1.000000, 0, 0, 0, -1.000000, 0, 0, 0, 0, 0, 0, 1.000000, 0, 0, 0]
    mean_vector = [0.142857, 0, 0.142857, 0, 0, -0.142857, -0.142857, 0, 0, 0, 0, 0.142857, 0, 0, 0, 0.142857, 0, 0, 0, 0, 0, 0, -0.142857, 0, 0, 0]
    on_plane_indices = [0, 1, 2, 3, 4, 5, 6, 7, 8, 9, 10, 11, 12, 13, 14, 15, 16, 17, 18, 19, 20, 21, 22, 23, 24, 25, 26, 27, 28, 29, 30, 31, 32, 33, 34, 35, 36, 37, 38, 39, 41, 43, 45, 47, 48, 49, 50, 51, 52, 53, 54, 55, 57, 59, 61, 63]

[class 45] all_reps_parallel=True
  rep1: vertices=32, parallel=True, cosine=-1.000000000000, orth_residual=0.000000000000e+00
    normal      = [0, 0, 0, 0, 0, 0, 0, 0, 0, 0, 0, 0, 0, 0, 0, 0, 0, 0, -1.000000, -1.000000, 0, 0, 0, 0, -1.000000, 1.000000]
    mean_vector = [0, 0, 0, 0, 0, 0, 0, 0, 0, 0, 0, 0, 0, 0, 0, 0, 0, 0, 0.500000, 0.500000, 0, 0, 0, 0, 0.500000, -0.500000]
    on_plane_indices = [0, 1, 4, 6, 9, 11, 14, 15, 16, 17, 21, 23, 24, 26, 30, 31, 34, 35, 36, 38, 41, 43, 44, 45, 50, 51, 53, 55, 56, 58, 60, 61]
  rep2: vertices=32, parallel=True, cosine=-1.000000000000, orth_residual=0.000000000000e+00
    normal      = [0, 0, 0, 0, 0, 0, 0, 0, 0, 0, 0, 0, 0, 0, 0, 0, 0, 0, -1.000000, -1.000000, 0, 0, 0, 0, 1.000000, -1.000000]
    mean_vector = [0, 0, 0, 0, 0, 0, 0, 0, 0, 0, 0, 0, 0, 0, 0, 0, 0, 0, 0.500000, 0.500000, 0, 0, 0, 0, -0.500000, 0.500000]
    on_plane_indices = [0, 1, 5, 7, 8, 10, 14, 15, 16, 17, 20, 22, 25, 27, 30, 31, 34, 35, 37, 39, 40, 42, 44, 45, 50, 51, 52, 54, 57, 59, 60, 61]
  rep3: vertices=32, parallel=True, cosine=-1.000000000000, orth_residual=0.000000000000e+00
    normal      = [0, 0, 0, 0, 0, 0, 0, 0, 0, 0, 0, 0, 0, 0, 0, 0, 0, 0, -1.000000, 0, -1.000000, 0, 0, -1.000000, 0, 1.000000]
    mean_vector = [0, 0, 0, 0, 0, 0, 0, 0, 0, 0, 0, 0, 0, 0, 0, 0, 0, 0, 0.500000, 0, 0.500000, 0, 0, 0.500000, 0, -0.500000]
    on_plane_indices = [0, 1, 4, 5, 10, 11, 14, 15, 16, 18, 21, 23, 24, 26, 29, 31, 33, 35, 36, 38, 41, 43, 44, 46, 50, 51, 54, 55, 56, 57, 60, 61]

[class 46] all_reps_parallel=True
  rep1: vertices=32, parallel=True, cosine=-1.000000000000, orth_residual=0.000000000000e+00
    normal      = [0, 0, 0, 0, 0, 0, 0, 0, 0, 0, 0, 0, 0, 0, 0, 0, 0, 0, -1.000000, 0, 0, -1.000000, 0, -1.000000, 1.000000, 0]
    mean_vector = [0, 0, 0, 0, 0, 0, 0, 0, 0, 0, 0, 0, 0, 0, 0, 0, 0, 0, 0.500000, 0, 0, 0.500000, 0, 0.500000, -0.500000, 0]
    on_plane_indices = [0, 1, 5, 7, 8, 10, 14, 15, 16, 18, 20, 21, 26, 27, 29, 31, 33, 35, 38, 39, 40, 41, 44, 46, 50, 51, 52, 54, 57, 59, 60, 61]
  rep2: vertices=32, parallel=True, cosine=-1.000000000000, orth_residual=0.000000000000e+00
    normal      = [0, 0, 0, 0, 0, 0, 0, 0, 0, 0, 0, 0, 0, 0, 0, 0, 0, 0, -1.000000, 0, 0, -1.000000, 0, 1.000000, -1.000000, 0]
    mean_vector = [0, 0, 0, 0, 0, 0, 0, 0, 0, 0, 0, 0, 0, 0, 0, 0, 0, 0, 0.500000, 0, 0, 0.500000, 0, -0.500000, 0.500000, 0]
    on_plane_indices = [0, 1, 4, 6, 9, 11, 14, 15, 17, 19, 20, 21, 26, 27, 28, 30, 32, 34, 38, 39, 40, 41, 45, 47, 50, 51, 53, 55, 56, 58, 60, 61]
  rep3: vertices=32, parallel=True, cosine=-1.000000000000, orth_residual=0.000000000000e+00
    normal      = [0, 0, 0, 0, 0, 0, 0, 0, 0, 0, 0, 0, 0, 0, 0, 0, 0, 0, -1.000000, 0, 0, 1.000000, 0, -1.000000, -1.000000, 0]
    mean_vector = [0, 0, 0, 0, 0, 0, 0, 0, 0, 0, 0, 0, 0, 0, 0, 0, 0, 0, 0.500000, 0, 0, -0.500000, 0, 0.500000, 0.500000, 0]
    on_plane_indices = [0, 2, 4, 5, 10, 11, 13, 15, 16, 17, 21, 23, 24, 26, 30, 31, 34, 35, 36, 38, 41, 43, 44, 45, 49, 51, 54, 55, 56, 57, 60, 62]
