input: /home/dministrator/workspace/AI_Bell/data/facets_322.txt
scenario: 322
facets total: 53856
num classes: 46
examples per class: 3

[class 1] size=3072
rep1: 6 -1 -1 -1 -1 0 0 0 1 1 0 -1 0 1 0 0 -1 0 1 0 1 -2 -3 2 -2 1 -1
rep2: 6 -1 -1 -1 -1 0 0 0 1 1 0 -1 0 1 0 0 -1 0 1 1 2 -1 -2 3 -1 2 0
rep3: 6 -1 -1 -1 -1 0 0 0 1 1 0 -1 0 1 0 0 -1 0 1 2 1 -2 -1 0 -2 1 -3

[class 2] size=3072
rep1: 5 -1 0 -1 0 -1 0 0 -1 -1 -1 0 -1 -1 -1 1 0 0 0 -2 0 1 2 2 -1 0 1
rep2: 5 -1 0 -1 0 -1 0 0 -1 -1 -1 0 -1 -1 -1 1 0 0 0 -2 2 1 0 0 -1 2 1
rep3: 5 -1 0 -1 0 -1 0 0 -1 -1 -1 0 1 -1 1 1 0 0 0 -2 0 1 2 -2 1 0 -1

[class 3] size=3072
rep1: 6 -1 -1 -1 -1 0 0 0 1 1 0 -2 -1 2 1 0 1 0 -1 0 0 -2 -2 -2 1 -1 2
rep2: 6 -1 -1 -1 -1 0 0 0 1 1 0 -2 -1 2 1 0 1 0 -1 2 2 0 0 -2 1 -1 2
rep3: 6 -1 -1 -1 -1 0 0 0 1 1 0 -2 1 2 -1 0 -1 0 1 0 0 -2 -2 2 -1 1 -2

[class 4] size=3072
rep1: 6 -1 -1 0 0 0 0 -1 0 1 0 -1 0 1 0 1 -1 -1 -1 -2 1 -1 2 3 1 0 2
rep2: 6 -1 -1 0 0 0 0 -1 0 1 0 -1 0 1 0 1 -1 -1 -1 -2 3 -1 0 1 1 2 2
rep3: 6 -1 -1 0 0 0 0 -1 0 1 0 -1 0 1 0 1 -1 -1 -1 -1 0 -2 3 2 2 1 1

[class 5] size=3072
rep1: 6 -1 -1 0 0 0 0 -2 -1 2 1 -1 0 1 0 1 -1 1 1 -2 -1 -1 -2 2 -2 1 -1
rep2: 6 -1 -1 0 0 0 0 -2 -1 2 1 -1 0 1 0 1 -1 1 1 -1 -2 -2 -1 1 -1 2 -2
rep3: 6 -1 -1 0 0 0 0 -2 -1 2 1 -1 0 1 0 1 1 1 -1 -2 -1 -1 -2 -2 2 -1 1

[class 6] size=3072
rep1: 8 -2 0 -2 0 0 0 1 -1 -1 1 -1 -1 -1 1 -1 -1 1 -1 2 -1 3 -2 3 4 0 -1
rep2: 8 -2 0 -2 0 0 0 1 -1 -1 1 -1 -1 -1 1 -1 -1 1 -1 3 0 4 -1 2 3 -1 -2
rep3: 8 -2 0 -2 0 0 0 1 -1 -1 1 -1 -1 1 -1 -1 -1 -1 1 2 3 -1 -2 3 0 4 -1

[class 7] size=1536
rep1: 6 -2 0 0 0 0 0 -1 -1 -1 -1 -1 -1 -1 -1 -1 1 1 1 3 -2 0 1 -2 -1 1 2
rep2: 6 -2 0 0 0 0 0 -1 -1 -1 -1 -1 -1 -1 -1 1 -1 1 1 -2 -1 1 2 3 -2 0 1
rep3: 6 -2 0 0 0 0 0 -1 -1 -1 -1 -1 -1 -1 -1 1 1 -1 1 -2 3 1 0 -1 -2 2 1

[class 8] size=1536
rep1: 5 -2 -1 -1 0 -1 0 1 -1 0 -1 1 -1 0 -1 0 -1 -1 -1 -2 1 2 0 1 2 0 1
rep2: 5 -2 -1 -1 0 -1 0 1 -1 0 -1 1 1 0 1 0 1 -1 1 -2 1 2 0 -1 -2 0 -1
rep3: 5 -2 -1 -1 0 -1 0 1 1 0 1 1 -1 0 -1 0 -1 1 1 -2 -1 2 0 1 -2 0 -1

[class 9] size=1536
rep1: 8 -1 -1 -1 -1 0 0 -1 0 0 1 -1 0 1 -2 -1 0 1 -2 2 1 1 -4 1 3 3 1
rep2: 8 -1 -1 -1 -1 0 0 -1 0 0 1 -1 0 1 2 -1 0 1 2 2 1 1 -4 -1 -3 -3 -1
rep3: 8 -1 -1 -1 -1 0 0 -1 0 0 1 0 -1 -2 1 0 -1 -2 1 1 3 3 1 2 1 1 -4

[class 10] size=1536
rep1: 6 -2 0 0 0 0 0 -1 -1 -1 -1 -1 -1 -1 -1 -1 1 1 1 2 -1 -1 2 -1 -2 2 1
rep2: 6 -2 0 0 0 0 0 -1 -1 -1 -1 -1 -1 -1 -1 1 -1 1 1 -1 -2 2 1 2 -1 -1 2
rep3: 6 -2 0 0 0 0 0 -1 -1 -1 -1 -1 -1 -1 -1 1 1 -1 1 -1 2 2 -1 -2 -1 1 2

[class 11] size=1536
rep1: 8 -3 -1 0 0 0 0 -2 -1 2 1 -2 -1 2 1 2 2 2 -2 -2 -2 -2 -2 -2 3 -2 1
rep2: 8 -3 -1 0 0 0 0 -2 -1 2 1 -2 1 2 -1 2 -2 2 2 -2 -2 -2 -2 2 -3 2 -1
rep3: 8 -3 -1 0 0 0 0 -2 -1 2 1 -1 -2 1 2 2 2 -2 2 -2 3 -2 1 -2 -2 -2 -2

[class 12] size=1536
rep1: 7 -1 0 -1 0 -1 0 -1 0 0 0 0 -1 -1 1 0 -1 -1 1 3 1 1 2 4 -1 -1 -2
rep2: 7 -1 0 -1 0 -1 0 -1 0 0 0 0 -1 -1 1 0 -1 1 -1 3 -1 1 -2 4 1 -1 2
rep3: 7 -1 0 -1 0 -1 0 -1 0 0 0 0 -1 1 -1 0 -1 -1 1 3 1 -1 -2 4 -1 1 2

[class 13] size=1536
rep1: 10 -3 -1 -3 -1 0 0 2 1 1 2 -2 -1 2 -1 -1 -2 -1 2 3 1 -4 -2 3 -4 1 -2
rep2: 10 -3 -1 -3 -1 0 0 2 1 1 2 -2 1 2 1 -1 2 -1 -2 3 1 -4 -2 -3 4 -1 2
rep3: 10 -3 -1 -3 -1 0 0 2 1 1 2 -1 -2 -1 2 -2 -1 2 -1 3 -4 1 -2 3 1 -4 -2

[class 14] size=1536
rep1: 4 -1 -1 0 0 0 0 -1 0 -1 0 -1 0 -1 0 2 -2 0 0 0 -1 0 1 1 -1 1 1
rep2: 4 -1 -1 0 0 0 0 -1 0 -1 0 -1 0 -1 0 2 -2 0 0 0 1 0 -1 1 1 1 -1
rep3: 4 -1 -1 0 0 0 0 -1 0 -1 0 -1 0 -1 0 2 0 -2 0 0 1 0 1 -1 -1 1 1

[class 15] size=1536
rep1: 4 -1 -1 -1 -1 0 0 -1 0 0 1 -1 0 -1 0 -1 0 -1 0 2 1 1 0 -1 1 1 -1
rep2: 4 -1 -1 -1 -1 0 0 -1 0 0 1 -1 0 -1 0 -1 0 -1 0 2 1 1 0 1 -1 -1 1
rep3: 4 -1 -1 -1 -1 0 0 -1 0 0 1 0 -1 0 -1 0 -1 0 -1 -1 1 1 -1 2 1 1 0

[class 16] size=1536
rep1: 6 -1 -1 -1 -1 0 0 1 2 2 1 -1 0 1 0 0 -1 0 1 1 2 -1 -2 2 -2 1 -1
rep2: 6 -1 -1 -1 -1 0 0 1 2 2 1 -1 0 1 0 0 -1 0 1 2 1 -2 -1 1 -1 2 -2
rep3: 6 -1 -1 -1 -1 0 0 1 2 2 1 -1 0 1 0 0 1 0 -1 1 2 -1 -2 -2 2 -1 1

[class 17] size=1536
rep1: 6 -2 -2 -2 0 0 0 1 -1 1 -1 -1 -1 -1 1 -2 0 -2 0 1 2 1 2 2 -1 -2 1
rep2: 6 -2 -2 -2 0 0 0 1 -1 1 -1 -1 -1 1 -1 0 -2 0 -2 2 -1 -2 1 1 2 1 2
rep3: 6 -2 -2 -2 0 0 0 1 -1 1 -1 -1 1 -1 -1 -2 0 -2 0 1 2 1 2 -2 1 2 -1

[class 18] size=1536
rep1: 8 -2 -2 0 0 0 0 -2 0 2 0 -1 -1 1 1 2 2 -2 2 -2 1 -2 3 -2 -3 -2 -1
rep2: 8 -2 -2 0 0 0 0 -2 0 2 0 -1 -1 1 1 2 2 -2 2 -2 3 -2 1 -2 -1 -2 -3
rep3: 8 -2 -2 0 0 0 0 -2 0 2 0 -1 -1 1 1 2 2 2 -2 -2 -3 -2 -1 -2 1 -2 3

[class 19] size=1536
rep1: 5 -1 0 -1 0 -1 0 0 -1 -1 -1 0 -1 -1 -1 1 0 0 0 -2 0 1 2 0 1 2 -1
rep2: 5 -1 0 -1 0 -1 0 0 -1 -1 -1 0 1 -1 1 1 0 0 0 -2 0 1 2 0 -1 -2 1
rep3: 5 -1 0 -1 0 -1 0 0 -1 -1 -1 1 0 0 0 0 -1 -1 -1 -2 1 0 2 0 2 1 -1

[class 20] size=1536
rep1: 4 -1 -1 0 0 0 0 -1 0 -1 0 -1 0 -1 0 0 0 0 0 0 -1 2 1 -1 1 1 -1
rep2: 4 -1 -1 0 0 0 0 -1 0 -1 0 -1 0 -1 0 0 0 0 0 0 -1 2 1 1 -1 -1 1
rep3: 4 -1 -1 0 0 0 0 -1 0 -1 0 -1 0 -1 0 0 0 0 0 0 1 2 -1 -1 -1 1 1

[class 21] size=1536
rep1: 6 -2 0 0 0 0 0 -2 0 -2 0 -1 -1 -1 -1 1 1 -1 1 -1 2 2 -1 -1 -2 2 1
rep2: 6 -2 0 0 0 0 0 -2 0 -2 0 -1 -1 -1 -1 1 1 1 -1 -1 -2 2 1 -1 2 2 -1
rep3: 6 -2 0 0 0 0 0 -2 0 -2 0 -1 1 -1 1 1 -1 -1 -1 -1 2 2 -1 1 2 -2 -1

[class 22] size=1536
rep1: 6 -1 -1 0 0 0 0 -1 0 1 0 -1 0 1 0 1 -1 -1 -1 -2 1 -1 2 1 3 2 0
rep2: 6 -1 -1 0 0 0 0 -1 0 1 0 -1 0 1 0 1 -1 -1 -1 -1 2 -2 1 2 0 1 3
rep3: 6 -1 -1 0 0 0 0 -1 0 1 0 -1 0 1 0 1 -1 1 1 -2 -1 -1 -2 1 -3 2 0

[class 23] size=1536
rep1: 3 -1 0 -1 0 -1 0 -1 0 0 0 0 -1 -1 1 0 1 -1 -1 1 1 1 0 0 1 -1 0
rep2: 3 -1 0 -1 0 -1 0 -1 0 0 0 0 -1 -1 1 0 1 1 1 1 -1 1 0 0 -1 -1 0
rep3: 3 -1 0 -1 0 -1 0 -1 0 0 0 0 -1 1 -1 0 1 -1 -1 1 1 -1 0 0 1 1 0

[class 24] size=1536
rep1: 6 -1 -1 -1 -1 -1 -1 0 1 1 0 0 1 1 0 1 2 2 1 2 -2 -1 -2 0 -1 0 2
rep2: 6 -1 -1 -1 -1 -1 -1 0 1 1 0 0 1 1 0 1 2 2 1 2 0 -1 0 -2 -1 -2 2
rep3: 6 -1 -1 -1 -1 -1 -1 0 1 1 0 1 0 0 1 2 1 1 2 -2 -1 -2 2 2 0 -1 0

[class 25] size=768
rep1: 4 -1 -1 0 0 0 0 -1 0 -1 0 -1 0 -1 0 2 0 0 -2 0 -1 0 1 -1 1 1 1
rep2: 4 -1 -1 0 0 0 0 -1 0 -1 0 -1 0 -1 0 2 0 0 -2 0 1 0 -1 1 1 -1 1
rep3: 4 -1 -1 0 0 0 0 -1 0 -1 0 -1 0 -1 0 2 0 0 2 0 -1 0 1 1 -1 -1 -1

[class 26] size=768
rep1: 4 -1 -1 0 0 0 0 -1 -1 1 1 -1 0 1 0 1 -1 1 1 -1 -1 -1 -1 1 -1 1 -1
rep2: 4 -1 -1 0 0 0 0 -1 -1 1 1 -1 0 1 0 1 1 1 -1 -1 -1 -1 -1 -1 1 -1 1
rep3: 4 -1 -1 0 0 0 0 -1 -1 1 1 0 -1 0 1 -1 1 1 1 1 -1 1 -1 -1 -1 -1 -1

[class 27] size=768
rep1: 4 0 0 0 0 0 0 -1 -1 -1 -1 0 0 0 0 0 0 0 0 -2 0 2 0 -1 1 -1 1
rep2: 4 0 0 0 0 0 0 -1 -1 -1 -1 0 0 0 0 0 0 0 0 -2 0 2 0 1 -1 1 -1
rep3: 4 0 0 0 0 0 0 -1 -1 -1 -1 0 0 0 0 0 0 0 0 -2 2 0 0 -1 -1 1 1

[class 28] size=512
rep1: 4 -1 -1 -1 -1 -1 -1 -1 0 0 1 -1 0 0 1 -1 0 0 1 2 1 1 -1 1 -1 -1 0
rep2: 4 -1 -1 -1 -1 -1 -1 -1 0 0 1 0 -1 1 0 0 -1 1 0 1 -1 -1 0 2 1 1 -1
rep3: 4 -1 -1 -1 -1 -1 -1 0 -1 1 0 -1 0 0 1 0 1 -1 0 1 2 -1 1 -1 1 0 -1

[class 29] size=512
rep1: 3 -1 0 -1 0 -1 0 0 -1 -1 1 0 -1 -1 1 0 -1 -1 1 1 1 1 0 1 0 0 -1
rep2: 3 -1 0 -1 0 -1 0 0 -1 -1 1 0 1 -1 -1 0 1 -1 -1 1 1 1 0 -1 0 0 1
rep3: 3 -1 0 -1 0 -1 0 0 -1 1 -1 0 -1 1 -1 0 -1 -1 1 1 1 -1 0 1 0 0 1

[class 30] size=512
rep1: 6 -1 -1 -1 -1 -1 -1 0 1 1 0 0 1 1 0 0 1 1 0 0 -2 -2 -1 -2 -1 -1 3
rep2: 6 -1 -1 -1 -1 -1 -1 0 1 1 0 0 1 1 0 0 1 1 0 3 -1 -1 -2 -1 -2 -2 0
rep3: 6 -1 -1 -1 -1 -1 -1 0 1 1 0 1 0 0 1 1 0 0 1 -2 -1 -1 3 0 -2 -2 -1

[class 31] size=512
rep1: 6 -2 0 -2 0 -2 0 1 -1 -1 -1 1 -1 -1 -1 1 -1 -1 -1 -2 1 1 2 1 2 2 -1
rep2: 6 -2 0 -2 0 -2 0 1 -1 -1 -1 1 1 -1 1 1 1 -1 1 -2 1 1 2 -1 -2 -2 1
rep3: 6 -2 0 -2 0 -2 0 1 -1 1 1 1 -1 1 1 1 -1 -1 -1 -2 1 -1 -2 1 2 -2 1

[class 32] size=384
rep1: 4 -1 -1 0 0 0 0 -1 0 -1 0 -1 0 -1 0 0 0 0 0 1 0 1 0 0 -2 0 2
rep2: 4 -1 -1 0 0 0 0 -1 0 -1 0 -1 0 -1 0 0 0 0 0 1 0 1 0 0 2 0 -2
rep3: 4 -1 -1 0 0 0 0 -1 0 -1 0 0 -1 0 -1 0 0 0 0 0 -2 0 2 1 0 1 0

[class 33] size=384
rep1: 4 -1 -1 -1 -1 0 0 1 1 1 1 -1 0 1 0 0 -1 0 1 1 1 -1 -1 1 -1 1 -1
rep2: 4 -1 -1 -1 -1 0 0 1 1 1 1 -1 0 1 0 0 1 0 -1 1 1 -1 -1 -1 1 -1 1
rep3: 4 -1 -1 -1 -1 0 0 1 1 1 1 0 -1 0 1 -1 0 1 0 1 -1 1 -1 1 1 -1 -1

[class 34] size=384
rep1: 4 0 0 0 0 0 0 -2 0 0 -2 -1 -1 -1 -1 1 1 1 1 0 -1 1 0 0 1 -1 0
rep2: 4 0 0 0 0 0 0 -2 0 0 -2 -1 -1 -1 -1 1 1 1 1 0 1 -1 0 0 -1 1 0
rep3: 4 0 0 0 0 0 0 -2 0 0 -2 -1 -1 1 1 1 1 -1 -1 0 -1 1 0 0 1 -1 0

[class 35] size=384
rep1: 4 0 0 0 0 0 0 -1 -1 -1 -1 0 0 0 0 0 0 0 0 -2 0 0 2 -1 1 1 -1
rep2: 4 0 0 0 0 0 0 -1 -1 -1 -1 0 0 0 0 0 0 0 0 -2 0 0 2 1 -1 -1 1
rep3: 4 0 0 0 0 0 0 -1 -1 -1 -1 0 0 0 0 0 0 0 0 -1 1 1 -1 -2 0 0 2

[class 36] size=384
rep1: 4 0 0 0 0 0 0 -2 -2 0 0 0 0 0 0 -1 -1 1 1 0 0 -1 1 0 0 1 -1
rep2: 4 0 0 0 0 0 0 -2 -2 0 0 0 0 0 0 -1 -1 1 1 0 0 1 -1 0 0 -1 1
rep3: 4 0 0 0 0 0 0 -2 -2 0 0 0 0 0 0 -1 1 1 -1 0 0 -1 1 0 0 -1 1

[class 37] size=384
rep1: 4 0 0 0 0 0 0 -2 -2 0 0 0 0 0 0 0 0 0 0 -1 1 -1 1 -1 1 1 -1
rep2: 4 0 0 0 0 0 0 -2 -2 0 0 0 0 0 0 0 0 0 0 -1 1 -1 1 1 -1 -1 1
rep3: 4 0 0 0 0 0 0 -2 -2 0 0 0 0 0 0 0 0 0 0 -1 1 1 -1 -1 1 -1 1

[class 38] size=256
rep1: 5 -1 0 -1 0 -1 0 -1 0 0 -2 -1 0 0 -2 -1 0 0 2 1 0 0 2 0 -2 2 0
rep2: 5 -1 0 -1 0 -1 0 -1 0 0 -2 -1 0 0 2 -1 0 0 -2 1 0 0 2 0 2 -2 0
rep3: 5 -1 0 -1 0 -1 0 -1 0 0 2 -1 0 0 -2 -1 0 0 -2 1 0 0 -2 0 2 2 0

[class 39] size=192
rep1: 4 0 0 0 0 0 0 -2 -2 0 0 -2 -2 0 0 1 1 1 1 0 0 -1 1 0 0 1 -1
rep2: 4 0 0 0 0 0 0 -2 -2 0 0 -2 -2 0 0 1 1 1 1 0 0 1 -1 0 0 -1 1
rep3: 4 0 0 0 0 0 0 -2 -2 0 0 -2 2 0 0 1 -1 1 -1 0 0 -1 1 0 0 -1 1

[class 40] size=192
rep1: 4 0 0 0 0 0 0 -2 0 0 -2 0 0 0 0 0 0 0 0 -1 -1 1 1 -1 1 -1 1
rep2: 4 0 0 0 0 0 0 -2 0 0 -2 0 0 0 0 0 0 0 0 -1 -1 1 1 1 -1 1 -1
rep3: 4 0 0 0 0 0 0 -2 0 0 -2 0 0 0 0 0 0 0 0 -1 1 -1 1 -1 -1 1 1

[class 41] size=128
rep1: 4 0 0 0 0 0 0 -1 -1 -1 -1 -1 -1 1 1 -1 1 1 -1 -1 0 0 1 0 1 -1 0
rep2: 4 0 0 0 0 0 0 -1 -1 -1 -1 -1 -1 1 1 -1 1 1 -1 1 0 0 -1 0 -1 1 0
rep3: 4 0 0 0 0 0 0 -1 -1 -1 -1 -1 -1 1 1 1 -1 -1 1 0 -1 1 0 1 0 0 -1

[class 42] size=128
rep1: 4 0 0 0 0 0 0 0 0 0 0 0 0 0 0 0 0 0 0 -3 -1 -1 1 -1 1 1 -1
rep2: 4 0 0 0 0 0 0 0 0 0 0 0 0 0 0 0 0 0 0 -3 -1 -1 1 1 -1 -1 1
rep3: 4 0 0 0 0 0 0 0 0 0 0 0 0 0 0 0 0 0 0 -3 -1 1 -1 -1 1 -1 1

[class 43] size=96
rep1: 2 -2 0 0 0 0 0 0 0 0 0 0 0 0 0 -1 -1 -1 1 1 1 0 0 1 -1 0 0
rep2: 2 -2 0 0 0 0 0 0 0 0 0 0 0 0 0 -1 -1 1 -1 1 -1 0 0 1 1 0 0
rep3: 2 -2 0 0 0 0 0 0 0 0 0 0 0 0 0 -1 1 -1 -1 1 1 0 0 -1 1 0 0

[class 44] size=64
rep1: 1 -1 0 -1 0 -1 0 1 0 0 0 1 0 0 0 1 0 0 0 -1 0 0 0 0 0 0 0
rep2: 1 -1 0 -1 0 0 -1 1 0 0 0 0 1 0 0 0 1 0 0 0 0 0 0 -1 0 0 0
rep3: 1 -1 0 -1 0 0 1 1 0 0 0 0 -1 0 0 0 -1 0 0 0 0 0 0 1 0 0 0

[class 45] size=48
rep1: 2 0 0 0 0 0 0 0 0 0 0 0 0 0 0 0 0 0 0 -1 -1 0 0 0 0 -1 1
rep2: 2 0 0 0 0 0 0 0 0 0 0 0 0 0 0 0 0 0 0 -1 -1 0 0 0 0 1 -1
rep3: 2 0 0 0 0 0 0 0 0 0 0 0 0 0 0 0 0 0 0 -1 0 -1 0 0 -1 0 1

[class 46] size=16
rep1: 2 0 0 0 0 0 0 0 0 0 0 0 0 0 0 0 0 0 0 -1 0 0 -1 0 -1 1 0
rep2: 2 0 0 0 0 0 0 0 0 0 0 0 0 0 0 0 0 0 0 -1 0 0 -1 0 1 -1 0
rep3: 2 0 0 0 0 0 0 0 0 0 0 0 0 0 0 0 0 0 0 -1 0 0 1 0 -1 -1 0

