input: /home/dministrator/workspace/AI_Bell/data/facets_322.txt
facets: 53856
total classes: 46

[Heuristic]
steps_to_46_classes: 3341 (found=46)
discovery_log(step, classes_found, class_id, class_size):
1	1	44	64
2	2	25	768
3	3	45	48
4	4	38	256
9	5	28	512
12	6	1	3072
13	7	43	96
14	8	29	512
15	9	42	128
16	10	30	512
30	11	23	1536
32	12	12	1536
33	13	39	192
34	14	11	1536
35	15	41	128
40	16	40	192
73	17	8	1536
74	18	13	1536
75	19	2	3072
77	20	19	1536
106	21	9	1536
107	22	17	1536
108	23	15	1536
109	24	3	3072
110	25	31	512
111	26	16	1536
154	27	22	1536
156	28	20	1536
167	29	4	3072
175	30	5	3072
190	31	24	1536
194	32	18	1536
195	33	21	1536
202	34	33	384
203	35	10	1536
204	36	7	1536
205	37	6	3072
286	38	14	1536
298	39	46	16
837	40	36	384
939	41	34	384
1516	42	37	384
1620	43	32	384
2366	44	26	768
2954	45	27	768
3341	46	35	384

[Random Baseline]
trials: 80
mean_steps: 3654.90
median_steps: 2749.00
min_steps: 766
max_steps: 17401
